[250, 0, 4, 1, 64, 1, 3, 186, 68, '???', 5]
[250, 0, 4, 1, 64, 1, 6, 189, 71, '???', 5]
[250, 0, 4, 1, 64, 1, 9, 192, 74, '???', 5]
[250, 0, 4, 1, 64, 1, 12, 195, 77, '???', 5]
[250, 0, 4, 1, 64, 1, 15, 198, 80, '???', 5]
[250, 0, 4, 1, 64, 1, 18, 201, 83, '???', 5]
[250, 0, 4, 1, 64, 1, 21, 204, 86, '???', 5]
[250, 0, 4, 1, 64, 1, 24, 207, 89, '???', 5]
[250, 0, 4, 1, 64, 1, 27, 210, 92, '???', 5]
[250, 0, 4, 1, 64, 1, 30, 213, 95, '???', 5]
[250, 0, 4, 1, 64, 1, 33, 216, 98, '???', 5]
[250, 0, 4, 1, 64, 1, 37, 220, 102, '???', 5]
[250, 0, 4, 1, 64, 1, 40, 223, 105, '???', 5]
[250, 0, 4, 1, 64, 1, 44, 227, 109, '???', 5]
[250, 0, 4, 1, 64, 1, 47, 230, 112, '???', 5]
[250, 0, 4, 1, 64, 1, 50, 233, 115, '???', 5]
[250, 0, 4, 1, 64, 1, 53, 236, 118, '???', 5]
[250, 0, 4, 1, 64, 1, 56, 239, 121, '???', 5]
[250, 0, 4, 1, 64, 1, 59, 242, 124, '???', 5]
[250, 0, 4, 1, 64, 1, 62, 245, 127, '???', 5]
[250, 0, 4, 1, 64, 1, 65, 248, 130, '???', 5]
[250, 0, 4, 1, 64, 1, 68, 251, 133, '???', 5]
[250, 0, 4, 1, 64, 1, 71, 254, 136, '???', 5]
[250, 0, 4, 1, 64, 1, 74, 2, 139, '???', 5]
[250, 0, 4, 1, 64, 1, 77, 5, 142, '???', 5]
[250, 0, 4, 1, 64, 1, 80, 8, 145, '???', 5]
[250, 0, 4, 1, 64, 1, 83, 11, 148, '???', 5]
[250, 0, 4, 1, 64, 1, 86, 14, 151, '???', 5]
[250, 0, 4, 1, 64, 1, 89, 17, 154, '???', 5]
[250, 0, 4, 1, 64, 1, 92, 20, 157, '???', 5]
[250, 0, 4, 1, 64, 1, 95, 23, 160, '???', 5]
[250, 0, 4, 1, 64, 1, 98, 26, 163, '???', 5]
[250, 0, 4, 1, 64, 1, 101, 29, 166, '???', 5]
[250, 0, 4, 1, 64, 1, 104, 32, 169, '???', 5]
[250, 0, 4, 1, 64, 1, 107, 35, 172, '???', 5]
[250, 0, 4, 1, 64, 1, 110, 38, 175, '???', 5]
[250, 0, 4, 1, 64, 1, 113, 41, 178, '???', 5]
[250, 0, 4, 1, 64, 1, 116, 44, 181, '???', 5]
[250, 0, 4, 1, 64, 1, 119, 47, 184, '???', 5]
[250, 0, 4, 1, 64, 1, 122, 50, 187, '???', 5]
[250, 0, 4, 1, 64, 1, 125, 53, 190, '???', 5]
[250, 0, 4, 1, 64, 1, 130, 58, 195, '???', 5]
[250, 0, 4, 1, 64, 1, 134, 62, 199, '???', 5]
[250, 0, 4, 1, 64, 1, 137, 65, 202, '???', 5]
[250, 0, 4, 1, 64, 1, 140, 68, 205, '???', 5]
[250, 0, 4, 1, 64, 1, 143, 71, 208, '???', 5]
[250, 0, 4, 1, 64, 1, 147, 75, 212, '???', 5]
[250, 0, 4, 1, 64, 1, 151, 79, 216, '???', 5]
[250, 0, 4, 1, 64, 1, 154, 82, 219, '???', 5]
[250, 0, 4, 1, 64, 1, 158, 86, 223, '???', 5]
[250, 0, 4, 1, 64, 1, 162, 90, 227, '???', 5]
[250, 0, 4, 1, 64, 1, 165, 93, 230, '???', 5]
[250, 0, 4, 1, 64, 1, 168, 96, 233, '???', 5]
[250, 0, 4, 1, 64, 1, 171, 99, 236, '???', 5]
[250, 0, 4, 1, 64, 1, 174, 102, 239, '???', 5]
[250, 0, 4, 1, 64, 1, 178, 106, 243, '???', 5]
[250, 0, 4, 1, 64, 1, 181, 109, 246, '???', 5]
[250, 0, 4, 1, 64, 1, 184, 112, 249, '???', 5]
[250, 0, 4, 1, 64, 1, 187, 115, 252, '???', 5]
[250, 0, 4, 1, 64, 1, 190, 118, 0, '???', 5]
[250, 0, 4, 1, 64, 1, 193, 121, 3, '???', 5]
[250, 0, 4, 1, 64, 1, 196, 124, 6, '???', 5]
[250, 0, 4, 1, 64, 1, 199, 127, 9, '???', 5]
[250, 0, 4, 1, 64, 1, 202, 130, 12, '???', 5]
[250, 0, 4, 1, 64, 1, 205, 133, 15, '???', 5]
[250, 0, 4, 1, 64, 1, 208, 136, 18, '???', 5]
[250, 0, 4, 1, 64, 1, 211, 139, 21, '???', 5]
[250, 0, 4, 1, 64, 1, 214, 142, 24, '???', 5]
[250, 0, 4, 1, 64, 1, 217, 145, 27, '???', 5]
[250, 0, 4, 1, 64, 1, 220, 148, 30, '???', 5]
[250, 0, 4, 1, 64, 1, 223, 151, 33, '???', 5]
[250, 0, 4, 1, 64, 1, 226, 154, 36, '???', 5]
[250, 0, 4, 1, 64, 1, 230, 158, 40, '???', 5]
[250, 0, 4, 1, 64, 1, 233, 161, 43, '???', 5]
[250, 0, 4, 1, 64, 1, 236, 164, 46, '???', 5]
[250, 0, 4, 1, 64, 1, 239, 167, 49, '???', 5]
[250, 0, 4, 1, 64, 1, 243, 171, 53, '???', 5]
[250, 0, 4, 1, 64, 1, 247, 175, 57, '???', 5]
[250, 0, 4, 1, 64, 1, 251, 179, 61, '???', 5]
[250, 0, 4, 1, 64, 1, 254, 182, 64, '???', 5]
