[250, 0, 4, 1, 64, 1, 0, 183, 65, '???', 0.1]
[250, 0, 4, 1, 64, 1, 1, 184, 66, '???', 0.1]
[250, 0, 4, 1, 64, 1, 3, 186, 68, '???', 0.1]
[250, 0, 4, 1, 64, 1, 4, 187, 69, '???', 0.1]
[250, 0, 4, 1, 64, 1, 5, 188, 70, '???', 0.1]
[250, 0, 4, 1, 64, 1, 6, 189, 71, '???', 0.1]
[250, 0, 4, 1, 64, 1, 7, 190, 72, '???', 0.1]
[250, 0, 4, 1, 64, 1, 8, 191, 73, '???', 0.1]
[250, 0, 4, 1, 64, 1, 9, 192, 74, '???', 0.1]
[250, 0, 4, 1, 64, 1, 10, 193, 75, '???', 0.1]
[250, 0, 4, 1, 64, 1, 11, 194, 76, '???', 0.1]
[250, 0, 4, 1, 64, 1, 12, 195, 77, '???', 0.1]
[250, 0, 4, 1, 64, 1, 13, 196, 78, '???', 0.1]
[250, 0, 4, 1, 64, 1, 14, 197, 79, '???', 0.1]
[250, 0, 4, 1, 64, 1, 15, 198, 80, '???', 0.1]
[250, 0, 4, 1, 64, 1, 16, 199, 81, '???', 0.1]
[250, 0, 4, 1, 64, 1, 17, 200, 82, '???', 0.1]
[250, 0, 4, 1, 64, 1, 18, 201, 83, '???', 0.1]
[250, 0, 4, 1, 64, 1, 19, 202, 84, '???', 0.1]
[250, 0, 4, 1, 64, 1, 20, 203, 85, '???', 0.1]
[250, 0, 4, 1, 64, 1, 21, 204, 86, '???', 0.1]
[250, 0, 4, 1, 64, 1, 22, 205, 87, '???', 0.1]
[250, 0, 4, 1, 64, 1, 23, 206, 88, '???', 5]
[250, 0, 4, 1, 64, 1, 24, 207, 89, '???', 5]
[250, 0, 4, 1, 64, 1, 25, 208, 90, '???', 5]
[250, 0, 4, 1, 64, 1, 26, 209, 91, '???', 5]
[250, 0, 4, 1, 64, 1, 27, 210, 92, '???', 5]
[250, 0, 4, 1, 64, 1, 28, 211, 93, '???', 5]
[250, 0, 4, 1, 64, 1, 29, 212, 94, '???', 5]
[250, 0, 4, 1, 64, 1, 30, 213, 95, '???', 5]
[250, 0, 4, 1, 64, 1, 31, 214, 96, '???', 5]
[250, 0, 4, 1, 64, 1, 32, 215, 97, '???', 5]
[250, 0, 4, 1, 64, 1, 33, 216, 98, '???', 5]
[250, 0, 4, 1, 64, 1, 34, 217, 99, '???', 5]
[250, 0, 4, 1, 64, 1, 35, 218, 100, '???', 5]
[250, 0, 4, 1, 64, 1, 37, 220, 102, '???', 5]
[250, 0, 4, 1, 64, 1, 38, 221, 103, '???', 5]
[250, 0, 4, 1, 64, 1, 39, 222, 104, '???', 5]
[250, 0, 4, 1, 64, 1, 40, 223, 105, '???', 5]
[250, 0, 4, 1, 64, 1, 42, 225, 107, '???', 5]
[250, 0, 4, 1, 64, 1, 43, 226, 108, '???', 5]
[250, 0, 4, 1, 64, 1, 44, 227, 109, '???', 5]
[250, 0, 4, 1, 64, 1, 45, 228, 110, '???', 5]
[250, 0, 4, 1, 64, 1, 46, 229, 111, '???', 5]
[250, 0, 4, 1, 64, 1, 47, 230, 112, '???', 5]
[250, 0, 4, 1, 64, 1, 48, 231, 113, '???', 5]
[250, 0, 4, 1, 64, 1, 49, 232, 114, '???', 5]
[250, 0, 4, 1, 64, 1, 50, 233, 115, '???', 5]
[250, 0, 4, 1, 64, 1, 51, 234, 116, '???', 5]
[250, 0, 4, 1, 64, 1, 52, 235, 117, '???', 5]
[250, 0, 4, 1, 64, 1, 53, 236, 118, '???', 5]
[250, 0, 4, 1, 64, 1, 54, 237, 119, '???', 5]
[250, 0, 4, 1, 64, 1, 55, 238, 120, '???', 5]
[250, 0, 4, 1, 64, 1, 56, 239, 121, '???', 5]
[250, 0, 4, 1, 64, 1, 57, 240, 122, '???', 5]
[250, 0, 4, 1, 64, 1, 58, 241, 123, '???', 5]
[250, 0, 4, 1, 64, 1, 59, 242, 124, '???', 5]
[250, 0, 4, 1, 64, 1, 60, 243, 125, '???', 5]
[250, 0, 4, 1, 64, 1, 61, 244, 126, '???', 5]
[250, 0, 4, 1, 64, 1, 62, 245, 127, '???', 5]
[250, 0, 4, 1, 64, 1, 63, 246, 128, '???', 5]
[250, 0, 4, 1, 64, 1, 64, 247, 129, '???', 5]
[250, 0, 4, 1, 64, 1, 65, 248, 130, '???', 5]
[250, 0, 4, 1, 64, 1, 66, 249, 131, '???', 5]
[250, 0, 4, 1, 64, 1, 67, 250, 132, '???', 5]
[250, 0, 4, 1, 64, 1, 68, 251, 133, '???', 5]
[250, 0, 4, 1, 64, 1, 69, 252, 134, '???', 5]
[250, 0, 4, 1, 64, 1, 70, 253, 135, '???', 5]
[250, 0, 4, 1, 64, 1, 71, 254, 136, '???', 5]
[250, 0, 4, 1, 64, 1, 72, 0, 137, '???', 5]
[250, 0, 4, 1, 64, 1, 73, 1, 138, '???', 5]
[250, 0, 4, 1, 64, 1, 74, 2, 139, '???', 5]
[250, 0, 4, 1, 64, 1, 75, 3, 140, '???', 5]
[250, 0, 4, 1, 64, 1, 76, 4, 141, '???', 5]
[250, 0, 4, 1, 64, 1, 77, 5, 142, '???', 5]
[250, 0, 4, 1, 64, 1, 78, 6, 143, '???', 5]
[250, 0, 4, 1, 64, 1, 79, 7, 144, '???', 5]
[250, 0, 4, 1, 64, 1, 80, 8, 145, '???', 5]
[250, 0, 4, 1, 64, 1, 81, 9, 146, '???', 5]
[250, 0, 4, 1, 64, 1, 82, 10, 147, '???', 5]
[250, 0, 4, 1, 64, 1, 83, 11, 148, '???', 5]
[250, 0, 4, 1, 64, 1, 84, 12, 149, '???', 5]
[250, 0, 4, 1, 64, 1, 85, 13, 150, '???', 5]
[250, 0, 4, 1, 64, 1, 86, 14, 151, '???', 5]
[250, 0, 4, 1, 64, 1, 87, 15, 152, '???', 5]
[250, 0, 4, 1, 64, 1, 88, 16, 153, '???', 5]
[250, 0, 4, 1, 64, 1, 89, 17, 154, '???', 5]
[250, 0, 4, 1, 64, 1, 90, 18, 155, '???', 5]
[250, 0, 4, 1, 64, 1, 91, 19, 156, '???', 5]
[250, 0, 4, 1, 64, 1, 92, 20, 157, '???', 5]
[250, 0, 4, 1, 64, 1, 93, 21, 158, '???', 5]
[250, 0, 4, 1, 64, 1, 94, 22, 159, '???', 5]
[250, 0, 4, 1, 64, 1, 95, 23, 160, '???', 5]
[250, 0, 4, 1, 64, 1, 96, 24, 161, '???', 5]
[250, 0, 4, 1, 64, 1, 97, 25, 162, '???', 5]
[250, 0, 4, 1, 64, 1, 98, 26, 163, '???', 5]
[250, 0, 4, 1, 64, 1, 99, 27, 164, '???', 5]
[250, 0, 4, 1, 64, 1, 100, 28, 165, '???', 5]
[250, 0, 4, 1, 64, 1, 101, 29, 166, '???', 5]
[250, 0, 4, 1, 64, 1, 102, 30, 167, '???', 5]
[250, 0, 4, 1, 64, 1, 103, 31, 168, '???', 5]
[250, 0, 4, 1, 64, 1, 104, 32, 169, '???', 5]
[250, 0, 4, 1, 64, 1, 105, 33, 170, '???', 5]
[250, 0, 4, 1, 64, 1, 106, 34, 171, '???', 5]
[250, 0, 4, 1, 64, 1, 107, 35, 172, '???', 5]
[250, 0, 4, 1, 64, 1, 108, 36, 173, '???', 5]
[250, 0, 4, 1, 64, 1, 109, 37, 174, '???', 5]
[250, 0, 4, 1, 64, 1, 110, 38, 175, '???', 5]
[250, 0, 4, 1, 64, 1, 111, 39, 176, '???', 5]
[250, 0, 4, 1, 64, 1, 112, 40, 177, '???', 5]
[250, 0, 4, 1, 64, 1, 113, 41, 178, '???', 5]
[250, 0, 4, 1, 64, 1, 114, 42, 179, '???', 5]
[250, 0, 4, 1, 64, 1, 115, 43, 180, '???', 5]
[250, 0, 4, 1, 64, 1, 116, 44, 181, '???', 5]
[250, 0, 4, 1, 64, 1, 117, 45, 182, '???', 5]
[250, 0, 4, 1, 64, 1, 118, 46, 183, '???', 5]
[250, 0, 4, 1, 64, 1, 119, 47, 184, '???', 5]
[250, 0, 4, 1, 64, 1, 120, 48, 185, '???', 5]
[250, 0, 4, 1, 64, 1, 121, 49, 186, '???', 5]
[250, 0, 4, 1, 64, 1, 122, 50, 187, '???', 5]
[250, 0, 4, 1, 64, 1, 123, 51, 188, '???', 5]
[250, 0, 4, 1, 64, 1, 124, 52, 189, '???', 5]
[250, 0, 4, 1, 64, 1, 125, 53, 190, '???', 5]
[250, 0, 4, 1, 64, 1, 127, 55, 192, '???', 5]
[250, 0, 4, 1, 64, 1, 128, 56, 193, '???', 5]
[250, 0, 4, 1, 64, 1, 130, 58, 195, '???', 5]
[250, 0, 4, 1, 64, 1, 132, 60, 197, '???', 5]
[250, 0, 4, 1, 64, 1, 133, 61, 198, '???', 5]
[250, 0, 4, 1, 64, 1, 134, 62, 199, '???', 5]
[250, 0, 4, 1, 64, 1, 135, 63, 200, '???', 5]
[250, 0, 4, 1, 64, 1, 136, 64, 201, '???', 5]
[250, 0, 4, 1, 64, 1, 137, 65, 202, '???', 5]
[250, 0, 4, 1, 64, 1, 138, 66, 203, '???', 5]
[250, 0, 4, 1, 64, 1, 139, 67, 204, '???', 5]
[250, 0, 4, 1, 64, 1, 140, 68, 205, '???', 5]
[250, 0, 4, 1, 64, 1, 141, 69, 206, '???', 5]
[250, 0, 4, 1, 64, 1, 142, 70, 207, '???', 5]
[250, 0, 4, 1, 64, 1, 143, 71, 208, '???', 5]
[250, 0, 4, 1, 64, 1, 145, 73, 210, '???', 5]
[250, 0, 4, 1, 64, 1, 146, 74, 211, '???', 5]
[250, 0, 4, 1, 64, 1, 147, 75, 212, '???', 5]
[250, 0, 4, 1, 64, 1, 149, 77, 214, '???', 5]
[250, 0, 4, 1, 64, 1, 150, 78, 215, '???', 5]
[250, 0, 4, 1, 64, 1, 151, 79, 216, '???', 5]
[250, 0, 4, 1, 64, 1, 152, 80, 217, '???', 5]
[250, 0, 4, 1, 64, 1, 153, 81, 218, '???', 5]
[250, 0, 4, 1, 64, 1, 154, 82, 219, '???', 5]
[250, 0, 4, 1, 64, 1, 155, 83, 220, '???', 5]
[250, 0, 4, 1, 64, 1, 157, 85, 222, '???', 5]
[250, 0, 4, 1, 64, 1, 158, 86, 223, '???', 5]
[250, 0, 4, 1, 64, 1, 159, 87, 224, '???', 5]
[250, 0, 4, 1, 64, 1, 160, 88, 225, '???', 5]
[250, 0, 4, 1, 64, 1, 162, 90, 227, '???', 5]
[250, 0, 4, 1, 64, 1, 163, 91, 228, '???', 5]
[250, 0, 4, 1, 64, 1, 164, 92, 229, '???', 5]
[250, 0, 4, 1, 64, 1, 165, 93, 230, '???', 5]
[250, 0, 4, 1, 64, 1, 166, 94, 231, '???', 5]
[250, 0, 4, 1, 64, 1, 167, 95, 232, '???', 5]
[250, 0, 4, 1, 64, 1, 168, 96, 233, '???', 5]
[250, 0, 4, 1, 64, 1, 169, 97, 234, '???', 5]
[250, 0, 4, 1, 64, 1, 170, 98, 235, '???', 5]
[250, 0, 4, 1, 64, 1, 171, 99, 236, '???', 5]
[250, 0, 4, 1, 64, 1, 172, 100, 237, '???', 5]
[250, 0, 4, 1, 64, 1, 173, 101, 238, '???', 5]
[250, 0, 4, 1, 64, 1, 174, 102, 239, '???', 5]
[250, 0, 4, 1, 64, 1, 175, 103, 240, '???', 5]
[250, 0, 4, 1, 64, 1, 177, 105, 242, '???', 5]
[250, 0, 4, 1, 64, 1, 178, 106, 243, '???', 5]
[250, 0, 4, 1, 64, 1, 179, 107, 244, '???', 5]
[250, 0, 4, 1, 64, 1, 180, 108, 245, '???', 5]
[250, 0, 4, 1, 64, 1, 181, 109, 246, '???', 5]
[250, 0, 4, 1, 64, 1, 182, 110, 247, '???', 5]
[250, 0, 4, 1, 64, 1, 183, 111, 248, '???', 5]
[250, 0, 4, 1, 64, 1, 184, 112, 249, '???', 5]
[250, 0, 4, 1, 64, 1, 185, 113, 250, '???', 5]
[250, 0, 4, 1, 64, 1, 186, 114, 251, '???', 5]
[250, 0, 4, 1, 64, 1, 187, 115, 252, '???', 5]
[250, 0, 4, 1, 64, 1, 188, 116, 253, '???', 5]
[250, 0, 4, 1, 64, 1, 189, 117, 254, '???', 5]
[250, 0, 4, 1, 64, 1, 190, 118, 0, '???', 5]
[250, 0, 4, 1, 64, 1, 191, 119, 1, '???', 5]
[250, 0, 4, 1, 64, 1, 192, 120, 2, '???', 5]
[250, 0, 4, 1, 64, 1, 193, 121, 3, '???', 5]
[250, 0, 4, 1, 64, 1, 194, 122, 4, '???', 5]
[250, 0, 4, 1, 64, 1, 195, 123, 5, '???', 5]
[250, 0, 4, 1, 64, 1, 196, 124, 6, '???', 5]
[250, 0, 4, 1, 64, 1, 197, 125, 7, '???', 5]
[250, 0, 4, 1, 64, 1, 198, 126, 8, '???', 5]
[250, 0, 4, 1, 64, 1, 199, 127, 9, '???', 5]
[250, 0, 4, 1, 64, 1, 200, 128, 10, '???', 5]
[250, 0, 4, 1, 64, 1, 201, 129, 11, '???', 5]
[250, 0, 4, 1, 64, 1, 202, 130, 12, '???', 5]
[250, 0, 4, 1, 64, 1, 203, 131, 13, '???', 5]
[250, 0, 4, 1, 64, 1, 204, 132, 14, '???', 5]
[250, 0, 4, 1, 64, 1, 205, 133, 15, '???', 5]
[250, 0, 4, 1, 64, 1, 206, 134, 16, '???', 5]
[250, 0, 4, 1, 64, 1, 207, 135, 17, '???', 5]
[250, 0, 4, 1, 64, 1, 208, 136, 18, '???', 5]
[250, 0, 4, 1, 64, 1, 209, 137, 19, '???', 5]
[250, 0, 4, 1, 64, 1, 210, 138, 20, '???', 5]
[250, 0, 4, 1, 64, 1, 211, 139, 21, '???', 5]
[250, 0, 4, 1, 64, 1, 212, 140, 22, '???', 5]
[250, 0, 4, 1, 64, 1, 213, 141, 23, '???', 5]
[250, 0, 4, 1, 64, 1, 214, 142, 24, '???', 5]
[250, 0, 4, 1, 64, 1, 215, 143, 25, '???', 5]
[250, 0, 4, 1, 64, 1, 216, 144, 26, '???', 5]
[250, 0, 4, 1, 64, 1, 217, 145, 27, '???', 5]
[250, 0, 4, 1, 64, 1, 218, 146, 28, '???', 5]
[250, 0, 4, 1, 64, 1, 219, 147, 29, '???', 5]
[250, 0, 4, 1, 64, 1, 220, 148, 30, '???', 5]
[250, 0, 4, 1, 64, 1, 221, 149, 31, '???', 5]
[250, 0, 4, 1, 64, 1, 222, 150, 32, '???', 5]
[250, 0, 4, 1, 64, 1, 223, 151, 33, '???', 5]
[250, 0, 4, 1, 64, 1, 224, 152, 34, '???', 5]
[250, 0, 4, 1, 64, 1, 225, 153, 35, '???', 5]
[250, 0, 4, 1, 64, 1, 226, 154, 36, '???', 5]
[250, 0, 4, 1, 64, 1, 228, 156, 38, '???', 5]
[250, 0, 4, 1, 64, 1, 229, 157, 39, '???', 5]
[250, 0, 4, 1, 64, 1, 230, 158, 40, '???', 5]
[250, 0, 4, 1, 64, 1, 231, 159, 41, '???', 5]
[250, 0, 4, 1, 64, 1, 232, 160, 42, '???', 5]
[250, 0, 4, 1, 64, 1, 233, 161, 43, '???', 5]
[250, 0, 4, 1, 64, 1, 234, 162, 44, '???', 5]
[250, 0, 4, 1, 64, 1, 235, 163, 45, '???', 5]
[250, 0, 4, 1, 64, 1, 236, 164, 46, '???', 5]
[250, 0, 4, 1, 64, 1, 237, 165, 47, '???', 5]
[250, 0, 4, 1, 64, 1, 238, 166, 48, '???', 5]
[250, 0, 4, 1, 64, 1, 239, 167, 49, '???', 5]
[250, 0, 4, 1, 64, 1, 240, 168, 50, '???', 5]
[250, 0, 4, 1, 64, 1, 241, 169, 51, '???', 5]
[250, 0, 4, 1, 64, 1, 243, 171, 53, '???', 5]
[250, 0, 4, 1, 64, 1, 244, 172, 54, '???', 5]
[250, 0, 4, 1, 64, 1, 245, 173, 55, '???', 5]
[250, 0, 4, 1, 64, 1, 247, 175, 57, '???', 5]
[250, 0, 4, 1, 64, 1, 248, 176, 58, '???', 5]
[250, 0, 4, 1, 64, 1, 250, 178, 60, '???', 5]
[250, 0, 4, 1, 64, 1, 251, 179, 61, '???', 5]
[250, 0, 4, 1, 64, 1, 252, 180, 62, '???', 5]
[250, 0, 4, 1, 64, 1, 253, 181, 63, '???', 5]
[250, 0, 4, 1, 64, 1, 254, 182, 64, '???', 5]
[250, 0, 4, 1, 64, 1, 255, 183, 65, '???', 5]