[250, 0, 4, 1, 64, 1, 1, 184, 66, '???', 5]
[250, 0, 4, 1, 64, 1, 4, 187, 69, '???', 5]
[250, 0, 4, 1, 64, 1, 6, 189, 71, '???', 5]
[250, 0, 4, 1, 64, 1, 8, 191, 73, '???', 5]
[250, 0, 4, 1, 64, 1, 10, 193, 75, '???', 5]
[250, 0, 4, 1, 64, 1, 12, 195, 77, '???', 5]
[250, 0, 4, 1, 64, 1, 14, 197, 79, '???', 5]
[250, 0, 4, 1, 64, 1, 16, 199, 81, '???', 5]
[250, 0, 4, 1, 64, 1, 18, 201, 83, '???', 5]
[250, 0, 4, 1, 64, 1, 20, 203, 85, '???', 5]
[250, 0, 4, 1, 64, 1, 22, 205, 87, '???', 5]
[250, 0, 4, 1, 64, 1, 24, 207, 89, '???', 5]
[250, 0, 4, 1, 64, 1, 26, 209, 91, '???', 5]
[250, 0, 4, 1, 64, 1, 28, 211, 93, '???', 5]
[250, 0, 4, 1, 64, 1, 30, 213, 95, '???', 5]
[250, 0, 4, 1, 64, 1, 32, 215, 97, '???', 5]
[250, 0, 4, 1, 64, 1, 34, 217, 99, '???', 5]
[250, 0, 4, 1, 64, 1, 37, 220, 102, '???', 5]
[250, 0, 4, 1, 64, 1, 39, 222, 104, '???', 5]
[250, 0, 4, 1, 64, 1, 42, 225, 107, '???', 5]
[250, 0, 4, 1, 64, 1, 44, 227, 109, '???', 5]
[250, 0, 4, 1, 64, 1, 46, 229, 111, '???', 5]
[250, 0, 4, 1, 64, 1, 48, 231, 113, '???', 5]
[250, 0, 4, 1, 64, 1, 50, 233, 115, '???', 5]
[250, 0, 4, 1, 64, 1, 52, 235, 117, '???', 5]
[250, 0, 4, 1, 64, 1, 54, 237, 119, '???', 5]
[250, 0, 4, 1, 64, 1, 56, 239, 121, '???', 5]
[250, 0, 4, 1, 64, 1, 58, 241, 123, '???', 5]
[250, 0, 4, 1, 64, 1, 60, 243, 125, '???', 5]
[250, 0, 4, 1, 64, 1, 62, 245, 127, '???', 5]
[250, 0, 4, 1, 64, 1, 64, 247, 129, '???', 5]
[250, 0, 4, 1, 64, 1, 66, 249, 131, '???', 5]
[250, 0, 4, 1, 64, 1, 68, 251, 133, '???', 5]
[250, 0, 4, 1, 64, 1, 70, 253, 135, '???', 5]
[250, 0, 4, 1, 64, 1, 72, 0, 137, '???', 5]
[250, 0, 4, 1, 64, 1, 74, 2, 139, '???', 5]
[250, 0, 4, 1, 64, 1, 76, 4, 141, '???', 5]
[250, 0, 4, 1, 64, 1, 78, 6, 143, '???', 5]
[250, 0, 4, 1, 64, 1, 80, 8, 145, '???', 5]
[250, 0, 4, 1, 64, 1, 82, 10, 147, '???', 5]
[250, 0, 4, 1, 64, 1, 84, 12, 149, '???', 5]
[250, 0, 4, 1, 64, 1, 86, 14, 151, '???', 5]
[250, 0, 4, 1, 64, 1, 88, 16, 153, '???', 5]
[250, 0, 4, 1, 64, 1, 90, 18, 155, '???', 5]
[250, 0, 4, 1, 64, 1, 92, 20, 157, '???', 5]
[250, 0, 4, 1, 64, 1, 94, 22, 159, '???', 5]
[250, 0, 4, 1, 64, 1, 96, 24, 161, '???', 5]
[250, 0, 4, 1, 64, 1, 98, 26, 163, '???', 5]
[250, 0, 4, 1, 64, 1, 100, 28, 165, '???', 5]
[250, 0, 4, 1, 64, 1, 102, 30, 167, '???', 5]
[250, 0, 4, 1, 64, 1, 104, 32, 169, '???', 5]
[250, 0, 4, 1, 64, 1, 106, 34, 171, '???', 5]
[250, 0, 4, 1, 64, 1, 108, 36, 173, '???', 5]
[250, 0, 4, 1, 64, 1, 110, 38, 175, '???', 5]
[250, 0, 4, 1, 64, 1, 112, 40, 177, '???', 5]
[250, 0, 4, 1, 64, 1, 114, 42, 179, '???', 5]
[250, 0, 4, 1, 64, 1, 116, 44, 181, '???', 5]
[250, 0, 4, 1, 64, 1, 118, 46, 183, '???', 5]
[250, 0, 4, 1, 64, 1, 120, 48, 185, '???', 5]
[250, 0, 4, 1, 64, 1, 122, 50, 187, '???', 5]
[250, 0, 4, 1, 64, 1, 124, 52, 189, '???', 5]
[250, 0, 4, 1, 64, 1, 127, 55, 192, '???', 5]
[250, 0, 4, 1, 64, 1, 130, 58, 195, '???', 5]
[250, 0, 4, 1, 64, 1, 133, 61, 198, '???', 5]
[250, 0, 4, 1, 64, 1, 135, 63, 200, '???', 5]
[250, 0, 4, 1, 64, 1, 137, 65, 202, '???', 5]
[250, 0, 4, 1, 64, 1, 139, 67, 204, '???', 5]
[250, 0, 4, 1, 64, 1, 141, 69, 206, '???', 5]
[250, 0, 4, 1, 64, 1, 143, 71, 208, '???', 5]
[250, 0, 4, 1, 64, 1, 146, 74, 211, '???', 5]
[250, 0, 4, 1, 64, 1, 149, 77, 214, '???', 5]
[250, 0, 4, 1, 64, 1, 151, 79, 216, '???', 5]
[250, 0, 4, 1, 64, 1, 153, 81, 218, '???', 5]
[250, 0, 4, 1, 64, 1, 155, 83, 220, '???', 5]
[250, 0, 4, 1, 64, 1, 158, 86, 223, '???', 5]
[250, 0, 4, 1, 64, 1, 160, 88, 225, '???', 5]
[250, 0, 4, 1, 64, 1, 163, 91, 228, '???', 5]
[250, 0, 4, 1, 64, 1, 165, 93, 230, '???', 5]
[250, 0, 4, 1, 64, 1, 167, 95, 232, '???', 5]
[250, 0, 4, 1, 64, 1, 169, 97, 234, '???', 5]
[250, 0, 4, 1, 64, 1, 171, 99, 236, '???', 5]
[250, 0, 4, 1, 64, 1, 173, 101, 238, '???', 5]
[250, 0, 4, 1, 64, 1, 175, 103, 240, '???', 5]
[250, 0, 4, 1, 64, 1, 178, 106, 243, '???', 5]
[250, 0, 4, 1, 64, 1, 180, 108, 245, '???', 5]
[250, 0, 4, 1, 64, 1, 182, 110, 247, '???', 5]
[250, 0, 4, 1, 64, 1, 184, 112, 249, '???', 5]
[250, 0, 4, 1, 64, 1, 186, 114, 251, '???', 5]
[250, 0, 4, 1, 64, 1, 188, 116, 253, '???', 5]
[250, 0, 4, 1, 64, 1, 190, 118, 0, '???', 5]
[250, 0, 4, 1, 64, 1, 192, 120, 2, '???', 5]
[250, 0, 4, 1, 64, 1, 194, 122, 4, '???', 5]
[250, 0, 4, 1, 64, 1, 196, 124, 6, '???', 5]
[250, 0, 4, 1, 64, 1, 198, 126, 8, '???', 5]
[250, 0, 4, 1, 64, 1, 200, 128, 10, '???', 5]
[250, 0, 4, 1, 64, 1, 202, 130, 12, '???', 5]
[250, 0, 4, 1, 64, 1, 204, 132, 14, '???', 5]
[250, 0, 4, 1, 64, 1, 206, 134, 16, '???', 5]
[250, 0, 4, 1, 64, 1, 208, 136, 18, '???', 5]
[250, 0, 4, 1, 64, 1, 210, 138, 20, '???', 5]
[250, 0, 4, 1, 64, 1, 212, 140, 22, '???', 5]
[250, 0, 4, 1, 64, 1, 214, 142, 24, '???', 5]
[250, 0, 4, 1, 64, 1, 216, 144, 26, '???', 5]
[250, 0, 4, 1, 64, 1, 218, 146, 28, '???', 5]
[250, 0, 4, 1, 64, 1, 220, 148, 30, '???', 5]
[250, 0, 4, 1, 64, 1, 222, 150, 32, '???', 5]
[250, 0, 4, 1, 64, 1, 224, 152, 34, '???', 5]
[250, 0, 4, 1, 64, 1, 226, 154, 36, '???', 5]
[250, 0, 4, 1, 64, 1, 229, 157, 39, '???', 5]
[250, 0, 4, 1, 64, 1, 231, 159, 41, '???', 5]
[250, 0, 4, 1, 64, 1, 233, 161, 43, '???', 5]
[250, 0, 4, 1, 64, 1, 235, 163, 45, '???', 5]
[250, 0, 4, 1, 64, 1, 237, 165, 47, '???', 5]
[250, 0, 4, 1, 64, 1, 239, 167, 49, '???', 5]
[250, 0, 4, 1, 64, 1, 241, 169, 51, '???', 5]
[250, 0, 4, 1, 64, 1, 244, 172, 54, '???', 5]
[250, 0, 4, 1, 64, 1, 247, 175, 57, '???', 5]
[250, 0, 4, 1, 64, 1, 250, 178, 60, '???', 5]
[250, 0, 4, 1, 64, 1, 252, 180, 62, '???', 5]
[250, 0, 4, 1, 64, 1, 254, 182, 64, '???', 5]
