[250, 0, 4, 1, 32, 1, 0, 87, 33, '???', 5]
[250, 0, 4, 1, 32, 1, 1, 88, 34, '???', 5]
[250, 0, 4, 1, 32, 1, 3, 90, 36, '???', 5]
[250, 0, 4, 1, 32, 1, 4, 91, 37, '???', 5]
[250, 0, 4, 1, 32, 1, 5, 92, 38, '???', 5]
[250, 0, 4, 1, 32, 1, 6, 93, 39, '???', 5]
[250, 0, 4, 1, 32, 1, 7, 94, 40, '???', 5]
[250, 0, 4, 1, 32, 1, 8, 95, 41, '???', 5]
[250, 0, 4, 1, 32, 1, 9, 96, 42, '???', 5]
[250, 0, 4, 1, 32, 1, 10, 97, 43, '???', 5]
[250, 0, 4, 1, 32, 1, 11, 98, 44, '???', 5]
[250, 0, 4, 1, 32, 1, 12, 99, 45, '???', 5]
[250, 0, 4, 1, 32, 1, 13, 100, 46, '???', 5]
[250, 0, 4, 1, 32, 1, 14, 101, 47, '???', 5]
[250, 0, 4, 1, 32, 1, 15, 102, 48, '???', 5]
[250, 0, 4, 1, 32, 1, 16, 103, 49, '???', 5]
[250, 0, 4, 1, 32, 1, 17, 104, 50, '???', 5]
[250, 0, 4, 1, 32, 1, 18, 105, 51, '???', 5]
[250, 0, 4, 1, 32, 1, 19, 106, 52, '???', 5]
[250, 0, 4, 1, 32, 1, 20, 107, 53, '???', 5]
[250, 0, 4, 1, 32, 1, 21, 108, 54, '???', 5]
[250, 0, 4, 1, 32, 1, 22, 109, 55, '???', 5]
[250, 0, 4, 1, 32, 1, 23, 110, 56, '???', 5]
[250, 0, 4, 1, 32, 1, 24, 111, 57, '???', 5]
[250, 0, 4, 1, 32, 1, 25, 112, 58, '???', 5]
[250, 0, 4, 1, 32, 1, 26, 113, 59, '???', 5]
[250, 0, 4, 1, 32, 1, 27, 114, 60, '???', 5]
[250, 0, 4, 1, 32, 1, 28, 115, 61, '???', 5]
[250, 0, 4, 1, 32, 1, 29, 116, 62, '???', 5]
[250, 0, 4, 1, 32, 1, 31, 118, 64, '???', 5]
[250, 0, 4, 1, 32, 1, 32, 119, 65, '???', 5]
[250, 0, 4, 1, 32, 1, 33, 120, 66, '???', 5]
[250, 0, 4, 1, 32, 1, 34, 121, 67, '???', 5]
[250, 0, 4, 1, 32, 1, 35, 122, 68, '???', 5]
[250, 0, 4, 1, 32, 1, 36, 123, 69, '???', 5]
[250, 0, 4, 1, 32, 1, 37, 124, 70, '???', 5]
[250, 0, 4, 1, 32, 1, 38, 125, 71, '???', 5]
[250, 0, 4, 1, 32, 1, 39, 126, 72, '???', 5]
[250, 0, 4, 1, 32, 1, 40, 127, 73, '???', 5]
[250, 0, 4, 1, 32, 1, 41, 128, 74, '???', 5]
[250, 0, 4, 1, 32, 1, 42, 129, 75, '???', 5]
[250, 0, 4, 1, 32, 1, 43, 130, 76, '???', 5]
[250, 0, 4, 1, 32, 1, 44, 131, 77, '???', 5]
[250, 0, 4, 1, 32, 1, 45, 132, 78, '???', 5]
[250, 0, 4, 1, 32, 1, 46, 133, 79, '???', 5]
[250, 0, 4, 1, 32, 1, 47, 134, 80, '???', 5]
[250, 0, 4, 1, 32, 1, 48, 135, 81, '???', 5]
[250, 0, 4, 1, 32, 1, 49, 136, 82, '???', 5]
[250, 0, 4, 1, 32, 1, 50, 137, 83, '???', 5]
[250, 0, 4, 1, 32, 1, 51, 138, 84, '???', 5]
[250, 0, 4, 1, 32, 1, 52, 139, 85, '???', 5]
[250, 0, 4, 1, 32, 1, 53, 140, 86, '???', 5]
[250, 0, 4, 1, 32, 1, 54, 141, 87, '???', 5]
[250, 0, 4, 1, 32, 1, 55, 142, 88, '???', 5]
[250, 0, 4, 1, 32, 1, 56, 143, 89, '???', 5]
[250, 0, 4, 1, 32, 1, 57, 144, 90, '???', 5]
[250, 0, 4, 1, 32, 1, 58, 145, 91, '???', 5]
[250, 0, 4, 1, 32, 1, 59, 146, 92, '???', 5]
[250, 0, 4, 1, 32, 1, 60, 147, 93, '???', 5]
[250, 0, 4, 1, 32, 1, 61, 148, 94, '???', 5]
[250, 0, 4, 1, 32, 1, 62, 149, 95, '???', 5]
[250, 0, 4, 1, 32, 1, 63, 150, 96, '???', 5]
[250, 0, 4, 1, 32, 1, 64, 151, 97, '???', 5]
[250, 0, 4, 1, 32, 1, 65, 152, 98, '???', 5]
[250, 0, 4, 1, 32, 1, 66, 153, 99, '???', 5]
[250, 0, 4, 1, 32, 1, 67, 154, 100, '???', 5]
[250, 0, 4, 1, 32, 1, 68, 155, 101, '???', 5]
[250, 0, 4, 1, 32, 1, 69, 156, 102, '???', 5]
[250, 0, 4, 1, 32, 1, 70, 157, 103, '???', 5]
[250, 0, 4, 1, 32, 1, 71, 158, 104, '???', 5]
[250, 0, 4, 1, 32, 1, 72, 159, 105, '???', 5]
[250, 0, 4, 1, 32, 1, 73, 160, 106, '???', 5]
[250, 0, 4, 1, 32, 1, 74, 161, 107, '???', 5]
[250, 0, 4, 1, 32, 1, 75, 162, 108, '???', 5]
[250, 0, 4, 1, 32, 1, 76, 163, 109, '???', 5]
[250, 0, 4, 1, 32, 1, 77, 164, 110, '???', 5]
[250, 0, 4, 1, 32, 1, 78, 165, 111, '???', 5]
[250, 0, 4, 1, 32, 1, 79, 166, 112, '???', 5]
[250, 0, 4, 1, 32, 1, 80, 167, 113, '???', 5]
[250, 0, 4, 1, 32, 1, 81, 168, 114, '???', 5]
[250, 0, 4, 1, 32, 1, 82, 169, 115, '???', 5]
[250, 0, 4, 1, 32, 1, 83, 170, 116, '???', 5]
[250, 0, 4, 1, 32, 1, 84, 171, 117, '???', 5]
[250, 0, 4, 1, 32, 1, 85, 172, 118, '???', 5]
[250, 0, 4, 1, 32, 1, 86, 173, 119, '???', 5]
[250, 0, 4, 1, 32, 1, 87, 174, 120, '???', 5]
[250, 0, 4, 1, 32, 1, 88, 175, 121, '???', 5]
[250, 0, 4, 1, 32, 1, 89, 176, 122, '???', 5]
[250, 0, 4, 1, 32, 1, 90, 177, 123, '???', 5]
[250, 0, 4, 1, 32, 1, 91, 178, 124, '???', 5]
[250, 0, 4, 1, 32, 1, 93, 180, 126, '???', 5]
[250, 0, 4, 1, 32, 1, 94, 181, 127, '???', 5]
[250, 0, 4, 1, 32, 1, 95, 182, 128, '???', 5]
[250, 0, 4, 1, 32, 1, 96, 183, 129, '???', 5]
[250, 0, 4, 1, 32, 1, 97, 184, 130, '???', 5]
[250, 0, 4, 1, 32, 1, 98, 185, 131, '???', 5]
[250, 0, 4, 1, 32, 1, 99, 186, 132, '???', 5]
[250, 0, 4, 1, 32, 1, 100, 187, 133, '???', 5]
[250, 0, 4, 1, 32, 1, 101, 188, 134, '???', 5]
[250, 0, 4, 1, 32, 1, 102, 189, 135, '???', 5]
[250, 0, 4, 1, 32, 1, 104, 191, 137, '???', 5]
[250, 0, 4, 1, 32, 1, 105, 192, 138, '???', 5]
[250, 0, 4, 1, 32, 1, 106, 193, 139, '???', 5]
[250, 0, 4, 1, 32, 1, 107, 194, 140, '???', 5]
[250, 0, 4, 1, 32, 1, 108, 195, 141, '???', 5]
[250, 0, 4, 1, 32, 1, 110, 197, 143, '???', 5]
[250, 0, 4, 1, 32, 1, 111, 198, 144, '???', 5]
[250, 0, 4, 1, 32, 1, 112, 199, 145, '???', 5]
[250, 0, 4, 1, 32, 1, 113, 200, 146, '???', 5]
[250, 0, 4, 1, 32, 1, 114, 201, 147, '???', 5]
[250, 0, 4, 1, 32, 1, 115, 202, 148, '???', 5]
[250, 0, 4, 1, 32, 1, 116, 203, 149, '???', 5]
[250, 0, 4, 1, 32, 1, 117, 204, 150, '???', 5]
[250, 0, 4, 1, 32, 1, 118, 205, 151, '???', 5]
[250, 0, 4, 1, 32, 1, 119, 206, 152, '???', 5]
[250, 0, 4, 1, 32, 1, 120, 207, 153, '???', 5]
[250, 0, 4, 1, 32, 1, 121, 208, 154, '???', 5]
[250, 0, 4, 1, 32, 1, 122, 209, 155, '???', 5]
[250, 0, 4, 1, 32, 1, 123, 210, 156, '???', 5]
[250, 0, 4, 1, 32, 1, 125, 212, 158, '???', 5]
[250, 0, 4, 1, 32, 1, 126, 213, 159, '???', 5]
[250, 0, 4, 1, 32, 1, 127, 214, 160, '???', 5]
[250, 0, 4, 1, 32, 1, 128, 215, 161, '???', 5]
[250, 0, 4, 1, 32, 1, 129, 216, 162, '???', 5]
[250, 0, 4, 1, 32, 1, 130, 217, 163, '???', 5]
[250, 0, 4, 1, 32, 1, 131, 218, 164, '???', 5]
[250, 0, 4, 1, 32, 1, 132, 219, 165, '???', 5]
[250, 0, 4, 1, 32, 1, 133, 220, 166, '???', 5]
[250, 0, 4, 1, 32, 1, 134, 221, 167, '???', 5]
[250, 0, 4, 1, 32, 1, 136, 223, 169, '???', 5]
[250, 0, 4, 1, 32, 1, 137, 224, 170, '???', 5]
[250, 0, 4, 1, 32, 1, 138, 225, 171, '???', 5]
[250, 0, 4, 1, 32, 1, 140, 227, 173, '???', 5]
[250, 0, 4, 1, 32, 1, 141, 228, 174, '???', 5]
[250, 0, 4, 1, 32, 1, 142, 229, 175, '???', 5]
[250, 0, 4, 1, 32, 1, 143, 230, 176, '???', 5]
[250, 0, 4, 1, 32, 1, 144, 231, 177, '???', 5]
[250, 0, 4, 1, 32, 1, 145, 232, 178, '???', 5]
[250, 0, 4, 1, 32, 1, 147, 234, 180, '???', 5]
[250, 0, 4, 1, 32, 1, 148, 235, 181, '???', 5]
[250, 0, 4, 1, 32, 1, 149, 236, 182, '???', 5]
[250, 0, 4, 1, 32, 1, 150, 237, 183, '???', 5]
[250, 0, 4, 1, 32, 1, 151, 238, 184, '???', 5]
[250, 0, 4, 1, 32, 1, 152, 239, 185, '???', 5]
[250, 0, 4, 1, 32, 1, 153, 240, 186, '???', 5]
[250, 0, 4, 1, 32, 1, 154, 241, 187, '???', 5]
[250, 0, 4, 1, 32, 1, 155, 242, 188, '???', 5]
[250, 0, 4, 1, 32, 1, 156, 243, 189, '???', 5]
[250, 0, 4, 1, 32, 1, 157, 244, 190, '???', 5]
[250, 0, 4, 1, 32, 1, 158, 245, 191, '???', 5]
[250, 0, 4, 1, 32, 1, 159, 246, 192, '???', 5]
[250, 0, 4, 1, 32, 1, 160, 247, 193, '???', 5]
[250, 0, 4, 1, 32, 1, 161, 248, 194, '???', 5]
[250, 0, 4, 1, 32, 1, 162, 249, 195, '???', 5]
[250, 0, 4, 1, 32, 1, 163, 250, 196, '???', 5]
[250, 0, 4, 1, 32, 1, 164, 251, 197, '???', 5]
[250, 0, 4, 1, 32, 1, 165, 252, 198, '???', 5]
[250, 0, 4, 1, 32, 1, 166, 253, 199, '???', 5]
[250, 0, 4, 1, 32, 1, 167, 254, 200, '???', 5]
[250, 0, 4, 1, 32, 1, 168, 0, 201, '???', 5]
[250, 0, 4, 1, 32, 1, 169, 1, 202, '???', 5]
[250, 0, 4, 1, 32, 1, 170, 2, 203, '???', 5]
[250, 0, 4, 1, 32, 1, 171, 3, 204, '???', 5]
[250, 0, 4, 1, 32, 1, 172, 4, 205, '???', 5]
[250, 0, 4, 1, 32, 1, 173, 5, 206, '???', 5]
[250, 0, 4, 1, 32, 1, 175, 7, 208, '???', 5]
[250, 0, 4, 1, 32, 1, 176, 8, 209, '???', 5]
[250, 0, 4, 1, 32, 1, 177, 9, 210, '???', 5]
[250, 0, 4, 1, 32, 1, 178, 10, 211, '???', 5]
[250, 0, 4, 1, 32, 1, 179, 11, 212, '???', 5]
[250, 0, 4, 1, 32, 1, 180, 12, 213, '???', 5]
[250, 0, 4, 1, 32, 1, 181, 13, 214, '???', 5]
[250, 0, 4, 1, 32, 1, 182, 14, 215, '???', 5]
[250, 0, 4, 1, 32, 1, 183, 15, 216, '???', 5]
[250, 0, 4, 1, 32, 1, 184, 16, 217, '???', 5]
[250, 0, 4, 1, 32, 1, 185, 17, 218, '???', 5]
[250, 0, 4, 1, 32, 1, 186, 18, 219, '???', 5]
[250, 0, 4, 1, 32, 1, 187, 19, 220, '???', 5]
[250, 0, 4, 1, 32, 1, 188, 20, 221, '???', 5]
[250, 0, 4, 1, 32, 1, 189, 21, 222, '???', 5]
[250, 0, 4, 1, 32, 1, 190, 22, 223, '???', 5]
[250, 0, 4, 1, 32, 1, 192, 24, 225, '???', 5]
[250, 0, 4, 1, 32, 1, 193, 25, 226, '???', 5]
[250, 0, 4, 1, 32, 1, 194, 26, 227, '???', 5]
[250, 0, 4, 1, 32, 1, 195, 27, 228, '???', 5]
[250, 0, 4, 1, 32, 1, 196, 28, 229, '???', 5]
[250, 0, 4, 1, 32, 1, 197, 29, 230, '???', 5]
[250, 0, 4, 1, 32, 1, 198, 30, 231, '???', 5]
[250, 0, 4, 1, 32, 1, 199, 31, 232, '???', 5]
[250, 0, 4, 1, 32, 1, 200, 32, 233, '???', 5]
[250, 0, 4, 1, 32, 1, 201, 33, 234, '???', 5]
[250, 0, 4, 1, 32, 1, 202, 34, 235, '???', 5]
[250, 0, 4, 1, 32, 1, 203, 35, 236, '???', 5]
[250, 0, 4, 1, 32, 1, 204, 36, 237, '???', 5]
[250, 0, 4, 1, 32, 1, 205, 37, 238, '???', 5]
[250, 0, 4, 1, 32, 1, 206, 38, 239, '???', 5]
[250, 0, 4, 1, 32, 1, 207, 39, 240, '???', 5]
[250, 0, 4, 1, 32, 1, 208, 40, 241, '???', 5]
[250, 0, 4, 1, 32, 1, 209, 41, 242, '???', 5]
[250, 0, 4, 1, 32, 1, 210, 42, 243, '???', 5]
[250, 0, 4, 1, 32, 1, 211, 43, 244, '???', 5]
[250, 0, 4, 1, 32, 1, 212, 44, 245, '???', 5]
[250, 0, 4, 1, 32, 1, 213, 45, 246, '???', 5]
[250, 0, 4, 1, 32, 1, 214, 46, 247, '???', 5]
[250, 0, 4, 1, 32, 1, 215, 47, 248, '???', 5]
[250, 0, 4, 1, 32, 1, 216, 48, 249, '???', 5]
[250, 0, 4, 1, 32, 1, 217, 49, 250, '???', 5]
[250, 0, 4, 1, 32, 1, 218, 50, 251, '???', 5]
[250, 0, 4, 1, 32, 1, 220, 52, 253, '???', 5]
[250, 0, 4, 1, 32, 1, 221, 53, 254, '???', 5]
[250, 0, 4, 1, 32, 1, 222, 54, 0, '???', 5]
[250, 0, 4, 1, 32, 1, 224, 56, 2, '???', 5]
[250, 0, 4, 1, 32, 1, 225, 57, 3, '???', 5]
[250, 0, 4, 1, 32, 1, 226, 58, 4, '???', 5]
[250, 0, 4, 1, 32, 1, 227, 59, 5, '???', 5]
[250, 0, 4, 1, 32, 1, 228, 60, 6, '???', 5]
[250, 0, 4, 1, 32, 1, 229, 61, 7, '???', 5]
[250, 0, 4, 1, 32, 1, 230, 62, 8, '???', 5]
[250, 0, 4, 1, 32, 1, 231, 63, 9, '???', 5]
[250, 0, 4, 1, 32, 1, 232, 64, 10, '???', 5]
[250, 0, 4, 1, 32, 1, 233, 65, 11, '???', 5]
[250, 0, 4, 1, 32, 1, 234, 66, 12, '???', 5]
[250, 0, 4, 1, 32, 1, 235, 67, 13, '???', 5]
[250, 0, 4, 1, 32, 1, 236, 68, 14, '???', 5]
[250, 0, 4, 1, 32, 1, 237, 69, 15, '???', 5]
[250, 0, 4, 1, 32, 1, 238, 70, 16, '???', 5]
[250, 0, 4, 1, 32, 1, 239, 71, 17, '???', 5]
[250, 0, 4, 1, 32, 1, 240, 72, 18, '???', 5]
[250, 0, 4, 1, 32, 1, 241, 73, 19, '???', 5]
[250, 0, 4, 1, 32, 1, 242, 74, 20, '???', 5]
[250, 0, 4, 1, 32, 1, 243, 75, 21, '???', 5]
[250, 0, 4, 1, 32, 1, 244, 76, 22, '???', 5]
[250, 0, 4, 1, 32, 1, 245, 77, 23, '???', 5]
[250, 0, 4, 1, 32, 1, 246, 78, 24, '???', 5]
[250, 0, 4, 1, 32, 1, 247, 79, 25, '???', 5]
[250, 0, 4, 1, 32, 1, 248, 80, 26, '???', 5]
[250, 0, 4, 1, 32, 1, 249, 81, 27, '???', 5]
[250, 0, 4, 1, 32, 1, 250, 82, 28, '???', 5]
[250, 0, 4, 1, 32, 1, 251, 83, 29, '???', 5]
[250, 0, 4, 1, 32, 1, 252, 84, 30, '???', 5]
[250, 0, 4, 1, 32, 1, 253, 85, 31, '???', 5]
[250, 0, 4, 1, 32, 1, 254, 86, 32, '???', 5]
[250, 0, 4, 1, 32, 1, 255, 87, 33, '???', 5]