[250, 0, 4, 1, 4, 1, 1, 4, 6, '???', 5]
[250, 0, 4, 1, 4, 1, 4, 7, 9, '???', 5]
[250, 0, 4, 1, 4, 1, 6, 9, 11, '???', 5]
[250, 0, 4, 1, 4, 1, 8, 11, 13, '???', 5]
[250, 0, 4, 1, 4, 1, 12, 15, 17, '???', 5]
[250, 0, 4, 1, 4, 1, 14, 17, 19, '???', 5]
[250, 0, 4, 1, 4, 1, 16, 19, 21, '???', 5]
[250, 0, 4, 1, 4, 1, 18, 21, 23, '???', 5]
[250, 0, 4, 1, 4, 1, 20, 23, 25, '???', 5]
[250, 0, 4, 1, 4, 1, 22, 25, 27, '???', 5]
[250, 0, 4, 1, 4, 1, 24, 27, 29, '???', 5]
[250, 0, 4, 1, 4, 1, 26, 29, 31, '???', 5]
[250, 0, 4, 1, 4, 1, 28, 31, 33, '???', 5]
[250, 0, 4, 1, 4, 1, 31, 34, 36, '???', 5]
[250, 0, 4, 1, 4, 1, 33, 36, 38, '???', 5]
[250, 0, 4, 1, 4, 1, 35, 38, 40, '???', 5]
[250, 0, 4, 1, 4, 1, 37, 40, 42, '???', 5]
[250, 0, 4, 1, 4, 1, 39, 42, 44, '???', 5]
[250, 0, 4, 1, 4, 1, 41, 44, 46, '???', 5]
[250, 0, 4, 1, 4, 1, 43, 46, 48, '???', 5]
[250, 0, 4, 1, 4, 1, 45, 48, 50, '???', 5]
[250, 0, 4, 1, 4, 1, 47, 50, 52, '???', 5]
[250, 0, 4, 1, 4, 1, 49, 52, 54, '???', 5]
[250, 0, 4, 1, 4, 1, 52, 55, 57, '???', 5]
[250, 0, 4, 1, 4, 1, 54, 57, 59, '???', 5]
[250, 0, 4, 1, 4, 1, 56, 59, 61, '???', 5]
[250, 0, 4, 1, 4, 1, 59, 62, 64, '???', 5]
[250, 0, 4, 1, 4, 1, 62, 65, 67, '???', 5]
[250, 0, 4, 1, 4, 1, 65, 68, 70, '???', 5]
[250, 0, 4, 1, 4, 1, 68, 71, 73, '???', 5]
[250, 0, 4, 1, 4, 1, 72, 75, 77, '???', 5]
[250, 0, 4, 1, 4, 1, 74, 77, 79, '???', 5]
[250, 0, 4, 1, 4, 1, 76, 79, 81, '???', 5]
[250, 0, 4, 1, 4, 1, 78, 81, 83, '???', 5]
[250, 0, 4, 1, 4, 1, 80, 83, 85, '???', 5]
[250, 0, 4, 1, 4, 1, 82, 85, 87, '???', 5]
[250, 0, 4, 1, 4, 1, 84, 87, 89, '???', 5]
[250, 0, 4, 1, 4, 1, 86, 89, 91, '???', 5]
[250, 0, 4, 1, 4, 1, 88, 91, 93, '???', 5]
[250, 0, 4, 1, 4, 1, 90, 93, 95, '???', 5]
[250, 0, 4, 1, 4, 1, 92, 95, 97, '???', 5]
[250, 0, 4, 1, 4, 1, 94, 97, 99, '???', 5]
[250, 0, 4, 1, 4, 1, 96, 99, 101, '???', 5]
[250, 0, 4, 1, 4, 1, 98, 101, 103, '???', 5]
[250, 0, 4, 1, 4, 1, 100, 103, 105, '???', 5]
[250, 0, 4, 1, 4, 1, 102, 105, 107, '???', 5]
[250, 0, 4, 1, 4, 1, 104, 107, 109, '???', 5]
[250, 0, 4, 1, 4, 1, 106, 109, 111, '???', 5]
[250, 0, 4, 1, 4, 1, 108, 111, 113, '???', 5]
[250, 0, 4, 1, 4, 1, 110, 113, 115, '???', 5]
[250, 0, 4, 1, 4, 1, 112, 115, 117, '???', 5]
[250, 0, 4, 1, 4, 1, 114, 117, 119, '???', 5]
[250, 0, 4, 1, 4, 1, 116, 119, 121, '???', 5]
[250, 0, 4, 1, 4, 1, 118, 121, 123, '???', 5]
[250, 0, 4, 1, 4, 1, 120, 123, 125, '???', 5]
[250, 0, 4, 1, 4, 1, 122, 125, 127, '???', 5]
[250, 0, 4, 1, 4, 1, 124, 127, 129, '???', 5]
[250, 0, 4, 1, 4, 1, 126, 129, 131, '???', 5]
[250, 0, 4, 1, 4, 1, 128, 131, 133, '???', 5]
[250, 0, 4, 1, 4, 1, 130, 133, 135, '???', 5]
[250, 0, 4, 1, 4, 1, 133, 136, 138, '???', 5]
[250, 0, 4, 1, 4, 1, 135, 138, 140, '???', 5]
[250, 0, 4, 1, 4, 1, 137, 140, 142, '???', 5]
[250, 0, 4, 1, 4, 1, 139, 142, 144, '???', 5]
[250, 0, 4, 1, 4, 1, 142, 145, 147, '???', 5]
[250, 0, 4, 1, 4, 1, 144, 147, 149, '???', 5]
[250, 0, 4, 1, 4, 1, 146, 149, 151, '???', 5]
[250, 0, 4, 1, 4, 1, 149, 152, 154, '???', 5]
[250, 0, 4, 1, 4, 1, 151, 154, 156, '???', 5]
[250, 0, 4, 1, 4, 1, 153, 156, 158, '???', 5]
[250, 0, 4, 1, 4, 1, 155, 158, 160, '???', 5]
[250, 0, 4, 1, 4, 1, 157, 160, 162, '???', 5]
[250, 0, 4, 1, 4, 1, 160, 163, 165, '???', 5]
[250, 0, 4, 1, 4, 1, 162, 165, 167, '???', 5]
[250, 0, 4, 1, 4, 1, 164, 167, 169, '???', 5]
[250, 0, 4, 1, 4, 1, 167, 170, 172, '???', 5]
[250, 0, 4, 1, 4, 1, 169, 172, 174, '???', 5]
[250, 0, 4, 1, 4, 1, 171, 174, 176, '???', 5]
[250, 0, 4, 1, 4, 1, 173, 176, 178, '???', 5]
[250, 0, 4, 1, 4, 1, 175, 178, 180, '???', 5]
[250, 0, 4, 1, 4, 1, 177, 180, 182, '???', 5]
[250, 0, 4, 1, 4, 1, 179, 182, 184, '???', 5]
[250, 0, 4, 1, 4, 1, 181, 184, 186, '???', 5]
[250, 0, 4, 1, 4, 1, 183, 186, 188, '???', 5]
[250, 0, 4, 1, 4, 1, 185, 188, 190, '???', 5]
[250, 0, 4, 1, 4, 1, 187, 190, 192, '???', 5]
[250, 0, 4, 1, 4, 1, 189, 192, 194, '???', 5]
[250, 0, 4, 1, 4, 1, 191, 194, 196, '???', 5]
[250, 0, 4, 1, 4, 1, 193, 196, 198, '???', 5]
[250, 0, 4, 1, 4, 1, 195, 198, 200, '???', 5]
[250, 0, 4, 1, 4, 1, 197, 200, 202, '???', 5]
[250, 0, 4, 1, 4, 1, 199, 202, 204, '???', 5]
[250, 0, 4, 1, 4, 1, 201, 204, 206, '???', 5]
[250, 0, 4, 1, 4, 1, 203, 206, 208, '???', 5]
[250, 0, 4, 1, 4, 1, 205, 208, 210, '???', 5]
[250, 0, 4, 1, 4, 1, 207, 210, 212, '???', 5]
[250, 0, 4, 1, 4, 1, 209, 212, 214, '???', 5]
[250, 0, 4, 1, 4, 1, 211, 214, 216, '???', 5]
[250, 0, 4, 1, 4, 1, 213, 216, 218, '???', 5]
[250, 0, 4, 1, 4, 1, 215, 218, 220, '???', 5]
[250, 0, 4, 1, 4, 1, 217, 220, 222, '???', 5]
[250, 0, 4, 1, 4, 1, 220, 223, 225, '???', 5]
[250, 0, 4, 1, 4, 1, 224, 227, 229, '???', 5]
[250, 0, 4, 1, 4, 1, 226, 229, 231, '???', 5]
[250, 0, 4, 1, 4, 1, 230, 233, 235, '???', 5]
[250, 0, 4, 1, 4, 1, 232, 235, 237, '???', 5]
[250, 0, 4, 1, 4, 1, 234, 237, 239, '???', 5]
[250, 0, 4, 1, 4, 1, 238, 241, 243, '???', 5]
[250, 0, 4, 1, 4, 1, 240, 243, 245, '???', 5]
[250, 0, 4, 1, 4, 1, 242, 245, 247, '???', 5]
[250, 0, 4, 1, 4, 1, 244, 247, 249, '???', 5]
[250, 0, 4, 1, 4, 1, 246, 249, 251, '???', 5]
[250, 0, 4, 1, 4, 1, 248, 251, 253, '???', 5]
[250, 0, 4, 1, 4, 1, 250, 253, 0, '???', 5]
[250, 0, 4, 1, 4, 1, 252, 0, 2, '???', 5]
[250, 0, 4, 1, 4, 1, 254, 2, 4, '???', 5]
