[250, 0, 2, 79, 127, 11, 203, 250, 0, 1, 71, 53, 67, 'eyes left/right', 5]
[250, 0, 4, 1, 16, 1, 118, 157, 135, '???', 0.1]
[250, 0, 4, 1, 16, 1, 115, 154, 132, '???', 0.1]
[250, 0, 4, 1, 16, 1, 112, 151, 129, '???', 0.1]
[250, 0, 4, 1, 16, 1, 110, 149, 127, '???', 0.1]
[250, 0, 4, 1, 16, 1, 107, 146, 124, '???', 0.1]
[250, 0, 4, 1, 16, 1, 104, 143, 121, '???', 0.1]
[250, 0, 4, 1, 16, 1, 102, 141, 119, '???', 0.1]
[250, 0, 4, 1, 16, 1, 99, 138, 116, '???', 0.1]
[250, 0, 4, 1, 16, 1, 97, 136, 114, '???', 0.1]
[250, 0, 4, 1, 16, 1, 94, 133, 111, '???', 0.1]
[250, 0, 4, 1, 16, 1, 91, 130, 108, '???', 0.1]
[250, 0, 4, 1, 16, 1, 89, 128, 106, '???', 0.1]
[250, 0, 4, 1, 16, 1, 86, 125, 103, '???', 0.1]
[250, 0, 4, 1, 16, 1, 83, 122, 100, '???', 0.1]
[250, 0, 4, 1, 16, 1, 81, 120, 98, '???', 0.1]
[250, 0, 4, 1, 16, 1, 78, 117, 95, '???', 0.1]
[250, 0, 4, 1, 16, 1, 76, 115, 93, '???', 0.1]
[250, 0, 4, 1, 16, 1, 73, 112, 90, '???', 0.1]
[250, 0, 4, 1, 16, 1, 70, 109, 87, '???', 0.1]
[250, 0, 4, 1, 16, 1, 68, 107, 85, '???', 0.1]
[250, 0, 4, 1, 16, 1, 65, 104, 82, '???', 0.1]
[250, 0, 4, 1, 16, 1, 63, 102, 80, '???', 0.1]
[250, 0, 4, 1, 16, 1, 60, 99, 77, '???', 0.1]
[250, 0, 4, 1, 16, 1, 57, 96, 74, '???', 0.1]
[250, 0, 4, 1, 16, 1, 55, 94, 72, '???', 0.1]
[250, 0, 4, 1, 16, 1, 52, 91, 69, '???', 0.1]
[250, 0, 4, 1, 16, 1, 50, 89, 67, '???', 0.1]
[250, 0, 4, 1, 16, 1, 47, 86, 64, '???', 0.1]
[250, 0, 4, 1, 16, 1, 44, 83, 61, '???', 0.1]
[250, 0, 4, 1, 16, 1, 42, 81, 59, '???', 0.1]
[250, 0, 4, 1, 16, 1, 39, 78, 56, '???', 0.1]
[250, 0, 4, 1, 16, 1, 37, 76, 54, '???', 0.1]
[250, 0, 4, 1, 16, 1, 34, 73, 51, '???', 0.1]
[250, 0, 4, 1, 16, 1, 31, 70, 48, '???', 0.1]
[250, 0, 4, 1, 16, 1, 29, 68, 46, '???', 0.1]
[250, 0, 4, 1, 16, 1, 26, 65, 43, '???', 0.1]
[250, 0, 4, 1, 16, 1, 23, 62, 40, '???', 0.1]
[250, 0, 4, 1, 16, 1, 21, 60, 38, '???', 0.1]
[250, 0, 4, 1, 16, 1, 18, 57, 35, '???', 0.1]
[250, 0, 4, 1, 16, 1, 16, 55, 33, '???', 0.1]
[250, 0, 4, 1, 16, 1, 13, 52, 30, '???', 0.1]
[250, 0, 4, 1, 16, 1, 10, 49, 27, '???', 0.1]
[250, 0, 4, 1, 16, 1, 8, 47, 25, '???', 0.1]
[250, 0, 4, 1, 16, 1, 5, 44, 22, '???', 0.1]
[250, 0, 4, 1, 16, 1, 3, 42, 20, '???', 0.1]
[250, 0, 4, 1, 16, 1, 0, 39, 17, '???', 0.1]
[250, 0, 4, 1, 16, 1, 1, 40, 18, '???', 0.1]
[250, 0, 4, 1, 16, 1, 3, 42, 20, '???', 0.1]
[250, 0, 4, 1, 16, 1, 6, 45, 23, '???', 0.1]
[250, 0, 4, 1, 16, 1, 8, 47, 25, '???', 0.1]
[250, 0, 4, 1, 16, 1, 11, 50, 28, '???', 0.1]
[250, 0, 4, 1, 16, 1, 14, 53, 31, '???', 0.1]
[250, 0, 4, 1, 16, 1, 16, 55, 33, '???', 0.1]
[250, 0, 4, 1, 16, 1, 19, 58, 36, '???', 0.1]
[250, 0, 4, 1, 16, 1, 22, 61, 39, '???', 0.1]
[250, 0, 4, 1, 16, 1, 24, 63, 41, '???', 0.1]
[250, 0, 4, 1, 16, 1, 27, 66, 44, '???', 0.1]
[250, 0, 4, 1, 16, 1, 29, 68, 46, '???', 0.1]
[250, 0, 4, 1, 16, 1, 32, 71, 49, '???', 0.1]
[250, 0, 4, 1, 16, 1, 35, 74, 52, '???', 0.1]
[250, 0, 4, 1, 16, 1, 37, 76, 54, '???', 0.1]
[250, 0, 4, 1, 16, 1, 40, 79, 57, '???', 0.1]
[250, 0, 4, 1, 16, 1, 42, 81, 59, '???', 0.1]
[250, 0, 4, 1, 16, 1, 45, 84, 62, '???', 0.1]
[250, 0, 4, 1, 16, 1, 48, 87, 65, '???', 0.1]
[250, 0, 4, 1, 16, 1, 50, 89, 67, '???', 0.1]
[250, 0, 4, 1, 16, 1, 53, 92, 70, '???', 0.1]
[250, 0, 4, 1, 16, 1, 55, 94, 72, '???', 0.1]
[250, 0, 4, 1, 16, 1, 58, 97, 75, '???', 0.1]
[250, 0, 4, 1, 16, 1, 61, 100, 78, '???', 0.1]
[250, 0, 4, 1, 16, 1, 63, 102, 80, '???', 0.1]
[250, 0, 4, 1, 16, 1, 66, 105, 83, '???', 0.1]
[250, 0, 4, 1, 16, 1, 68, 107, 85, '???', 0.1]
[250, 0, 4, 1, 16, 1, 71, 110, 88, '???', 0.1]
[250, 0, 4, 1, 16, 1, 74, 113, 91, '???', 0.1]
[250, 0, 4, 1, 16, 1, 76, 115, 93, '???', 0.1]
[250, 0, 4, 1, 16, 1, 79, 118, 96, '???', 0.1]
[250, 0, 4, 1, 16, 1, 82, 121, 99, '???', 0.1]
[250, 0, 4, 1, 16, 1, 84, 123, 101, '???', 0.1]
[250, 0, 4, 1, 16, 1, 87, 126, 104, '???', 0.1]
[250, 0, 4, 1, 16, 1, 89, 128, 106, '???', 0.1]
[250, 0, 4, 1, 16, 1, 92, 131, 109, '???', 0.1]
[250, 0, 4, 1, 16, 1, 95, 134, 112, '???', 0.1]
[250, 0, 4, 1, 16, 1, 97, 136, 114, '???', 0.1]
[250, 0, 4, 1, 16, 1, 100, 139, 117, '???', 0.1]
[250, 0, 4, 1, 16, 1, 102, 141, 119, '???', 0.1]
[250, 0, 4, 1, 16, 1, 105, 144, 122, '???', 0.1]
[250, 0, 4, 1, 16, 1, 108, 147, 125, '???', 0.1]
[250, 0, 4, 1, 16, 1, 110, 149, 127, '???', 0.1]
[250, 0, 4, 1, 16, 1, 113, 152, 130, '???', 0.1]
[250, 0, 4, 1, 16, 1, 115, 154, 132, '???', 0.1]
[250, 0, 4, 1, 16, 1, 118, 157, 135, '???', 0.1]
[250, 0, 4, 1, 16, 1, 121, 160, 138, '???', 0.1]
[250, 0, 4, 1, 16, 1, 123, 162, 140, '???', 0.1]
[250, 0, 4, 1, 16, 1, 126, 165, 143, '???', 0.1]
[250, 0, 4, 1, 16, 1, 128, 167, 145, '???', 0.1]
[250, 0, 4, 1, 16, 1, 131, 170, 148, '???', 0.1]
[250, 0, 4, 1, 16, 1, 134, 173, 151, '???', 0.1]
[250, 0, 4, 1, 16, 1, 136, 175, 153, '???', 0.1]
[250, 0, 4, 1, 16, 1, 139, 178, 156, '???', 0.1]
[250, 0, 4, 1, 16, 1, 142, 181, 159, '???', 0.1]
[250, 0, 4, 1, 16, 1, 144, 183, 161, '???', 0.1]
[250, 0, 4, 1, 16, 1, 147, 186, 164, '???', 0.1]
[250, 0, 4, 1, 16, 1, 149, 188, 166, '???', 0.1]
[250, 0, 4, 1, 16, 1, 152, 191, 169, '???', 0.1]
[250, 0, 4, 1, 16, 1, 155, 194, 172, '???', 0.1]
[250, 0, 4, 1, 16, 1, 157, 196, 174, '???', 0.1]
[250, 0, 4, 1, 16, 1, 160, 199, 177, '???', 0.1]
[250, 0, 4, 1, 16, 1, 162, 201, 179, '???', 0.1]
[250, 0, 4, 1, 16, 1, 165, 204, 182, '???', 0.1]
[250, 0, 4, 1, 16, 1, 168, 207, 185, '???', 0.1]
[250, 0, 4, 1, 16, 1, 170, 209, 187, '???', 0.1]
[250, 0, 4, 1, 16, 1, 173, 212, 190, '???', 0.1]
[250, 0, 4, 1, 16, 1, 175, 214, 192, '???', 0.1]
[250, 0, 4, 1, 16, 1, 178, 217, 195, '???', 0.1]
[250, 0, 4, 1, 16, 1, 181, 220, 198, '???', 0.1]
[250, 0, 4, 1, 16, 1, 183, 222, 200, '???', 0.1]
[250, 0, 4, 1, 16, 1, 186, 225, 203, '???', 0.1]
[250, 0, 4, 1, 16, 1, 188, 227, 205, '???', 0.1]
[250, 0, 4, 1, 16, 1, 191, 230, 208, '???', 0.1]
[250, 0, 4, 1, 16, 1, 194, 233, 211, '???', 0.1]
[250, 0, 4, 1, 16, 1, 196, 235, 213, '???', 0.1]
[250, 0, 4, 1, 16, 1, 199, 238, 216, '???', 0.1]
[250, 0, 4, 1, 16, 1, 202, 241, 219, '???', 0.1]
[250, 0, 4, 1, 16, 1, 204, 243, 221, '???', 0.1]
[250, 0, 4, 1, 16, 1, 207, 246, 224, '???', 0.1]
[250, 0, 4, 1, 16, 1, 209, 248, 226, '???', 0.1]
[250, 0, 4, 1, 16, 1, 212, 251, 229, '???', 0.1]
[250, 0, 4, 1, 16, 1, 215, 254, 232, '???', 0.1]
[250, 0, 4, 1, 16, 1, 217, 1, 234, '???', 0.1]
[250, 0, 4, 1, 16, 1, 220, 4, 237, '???', 0.1]
[250, 0, 4, 1, 16, 1, 222, 6, 239, '???', 0.1]
[250, 0, 4, 1, 16, 1, 225, 9, 242, '???', 0.1]
[250, 0, 4, 1, 16, 1, 228, 12, 245, '???', 0.1]
[250, 0, 4, 1, 16, 1, 231, 15, 248, '???', 0.1]
[250, 0, 4, 1, 16, 1, 233, 17, 250, '???', 0.1]
[250, 0, 4, 1, 16, 1, 236, 20, 253, '???', 0.1]
[250, 0, 4, 1, 16, 1, 239, 23, 1, '???', 0.1]
[250, 0, 4, 1, 16, 1, 241, 25, 3, '???', 0.1]
[250, 0, 4, 1, 16, 1, 244, 28, 6, '???', 0.1]
[250, 0, 4, 1, 16, 1, 247, 31, 9, '???', 0.1]
[250, 0, 4, 1, 16, 1, 249, 33, 11, '???', 0.1]
[250, 0, 4, 1, 16, 1, 252, 36, 14, '???', 0.1]
[250, 0, 4, 1, 16, 1, 254, 38, 16, '???', 0.1]
[250, 0, 4, 1, 16, 1, 255, 39, 17, '???', 0.1]
[250, 0, 4, 1, 16, 1, 254, 38, 16, '???', 0.1]
[250, 0, 4, 1, 16, 1, 251, 35, 13, '???', 0.1]
[250, 0, 4, 1, 16, 1, 248, 32, 10, '???', 0.1]
[250, 0, 4, 1, 16, 1, 246, 30, 8, '???', 0.1]
[250, 0, 4, 1, 16, 1, 243, 27, 5, '???', 0.1]
[250, 0, 4, 1, 16, 1, 241, 25, 3, '???', 0.1]
[250, 0, 4, 1, 16, 1, 239, 23, 1, '???', 0.1]
[250, 0, 4, 1, 16, 1, 236, 20, 253, '???', 0.1]
[250, 0, 4, 1, 16, 1, 233, 17, 250, '???', 0.1]
[250, 0, 4, 1, 16, 1, 230, 14, 247, '???', 0.1]
[250, 0, 4, 1, 16, 1, 228, 12, 245, '???', 0.1]
[250, 0, 4, 1, 16, 1, 225, 9, 242, '???', 0.1]
[250, 0, 4, 1, 16, 1, 222, 6, 239, '???', 0.1]
[250, 0, 4, 1, 16, 1, 220, 4, 237, '???', 0.1]
[250, 0, 4, 1, 16, 1, 217, 1, 234, '???', 0.1]
[250, 0, 4, 1, 16, 1, 215, 254, 232, '???', 0.1]
[250, 0, 4, 1, 16, 1, 212, 251, 229, '???', 0.1]
[250, 0, 4, 1, 16, 1, 209, 248, 226, '???', 0.1]
[250, 0, 4, 1, 16, 1, 207, 246, 224, '???', 0.1]
[250, 0, 4, 1, 16, 1, 204, 243, 221, '???', 0.1]
[250, 0, 4, 1, 16, 1, 202, 241, 219, '???', 0.1]
[250, 0, 4, 1, 16, 1, 199, 238, 216, '???', 0.1]
[250, 0, 4, 1, 16, 1, 196, 235, 213, '???', 0.1]
[250, 0, 4, 1, 16, 1, 194, 233, 211, '???', 0.1]
[250, 0, 4, 1, 16, 1, 191, 230, 208, '???', 0.1]
[250, 0, 4, 1, 16, 1, 188, 227, 205, '???', 0.1]
[250, 0, 4, 1, 16, 1, 186, 225, 203, '???', 0.1]
[250, 0, 4, 1, 16, 1, 183, 222, 200, '???', 0.1]
[250, 0, 4, 1, 16, 1, 181, 220, 198, '???', 0.1]
[250, 0, 4, 1, 16, 1, 178, 217, 195, '???', 0.1]
[250, 0, 4, 1, 16, 1, 175, 214, 192, '???', 0.1]
[250, 0, 4, 1, 16, 1, 173, 212, 190, '???', 0.1]
[250, 0, 4, 1, 16, 1, 170, 209, 187, '???', 0.1]
[250, 0, 4, 1, 16, 1, 168, 207, 185, '???', 0.1]
[250, 0, 4, 1, 16, 1, 165, 204, 182, '???', 0.1]
[250, 0, 4, 1, 16, 1, 162, 201, 179, '???', 0.1]
[250, 0, 4, 1, 16, 1, 160, 199, 177, '???', 0.1]
[250, 0, 4, 1, 16, 1, 157, 196, 174, '???', 0.1]
[250, 0, 4, 1, 16, 1, 155, 194, 172, '???', 0.1]
[250, 0, 4, 1, 16, 1, 152, 191, 169, '???', 0.1]
[250, 0, 4, 1, 16, 1, 149, 188, 166, '???', 0.1]
[250, 0, 4, 1, 16, 1, 147, 186, 164, '???', 0.1]
[250, 0, 4, 1, 16, 1, 144, 183, 161, '???', 0.1]
[250, 0, 4, 1, 16, 1, 142, 181, 159, '???', 0.1]
[250, 0, 4, 1, 16, 1, 139, 178, 156, '???', 0.1]
[250, 0, 4, 1, 16, 1, 136, 175, 153, '???', 0.1]
[250, 0, 4, 1, 16, 1, 134, 173, 151, '???', 0.1]
[250, 0, 4, 1, 16, 1, 131, 170, 148, '???', 0.1]
[250, 0, 4, 1, 16, 1, 128, 167, 145, '???', 0.1]
[250, 0, 4, 1, 16, 1, 126, 165, 143, '???', 0.1]
[250, 0, 4, 1, 16, 1, 123, 162, 140, '???', 0.1]
[250, 0, 4, 1, 16, 1, 121, 160, 138, '???', 0.1]
[250, 0, 4, 1, 16, 1, 118, 157, 135, '???', 0.1]
[250, 0, 4, 1, 16, 1, 115, 154, 132, '???', 0.1]
[250, 0, 4, 1, 16, 1, 113, 152, 130, '???', 0.1]
[250, 0, 4, 1, 16, 1, 113, 152, 130, '???', 0.1]
