[250, 0, 2, 79, 127, 11, 203, 250, 0, 1, 71, 53, 67, 'eyes up/down', 2]
[250, 0, 4, 1, 8, 1, 117, 132, 126, '???', 0.1]
[250, 0, 4, 1, 8, 1, 114, 129, 123, '???', 0.1]
[250, 0, 4, 1, 8, 1, 110, 125, 119, '???', 0.1]
[250, 0, 4, 1, 8, 1, 109, 124, 118, '???', 0.1]
[250, 0, 4, 1, 8, 1, 106, 121, 115, '???', 0.1]
[250, 0, 4, 1, 8, 1, 104, 119, 113, '???', 0.1]
[250, 0, 4, 1, 8, 1, 101, 116, 110, '???', 0.1]
[250, 0, 4, 1, 8, 1, 98, 113, 107, '???', 0.1]
[250, 0, 4, 1, 8, 1, 96, 111, 105, '???', 0.1]
[250, 0, 4, 1, 8, 1, 93, 108, 102, '???', 0.1]
[250, 0, 4, 1, 8, 1, 91, 106, 100, '???', 0.1]
[250, 0, 4, 1, 8, 1, 88, 103, 97, '???', 0.1]
[250, 0, 4, 1, 8, 1, 85, 100, 94, '???', 0.1]
[250, 0, 4, 1, 8, 1, 83, 98, 92, '???', 0.1]
[250, 0, 4, 1, 8, 1, 80, 95, 89, '???', 0.1]
[250, 0, 4, 1, 8, 1, 78, 93, 87, '???', 0.1]
[250, 0, 4, 1, 8, 1, 75, 90, 84, '???', 0.1]
[250, 0, 4, 1, 8, 1, 72, 87, 81, '???', 0.1]
[250, 0, 4, 1, 8, 1, 70, 85, 79, '???', 0.1]
[250, 0, 4, 1, 8, 1, 67, 82, 76, '???', 0.1]
[250, 0, 4, 1, 8, 1, 65, 80, 74, '???', 0.1]
[250, 0, 4, 1, 8, 1, 62, 77, 71, '???', 0.1]
[250, 0, 4, 1, 8, 1, 59, 74, 68, '???', 0.1]
[250, 0, 4, 1, 8, 1, 57, 72, 66, '???', 0.1]
[250, 0, 4, 1, 8, 1, 54, 69, 63, '???', 0.1]
[250, 0, 4, 1, 8, 1, 52, 67, 61, '???', 0.1]
[250, 0, 4, 1, 8, 1, 49, 64, 58, '???', 0.1]
[250, 0, 4, 1, 8, 1, 46, 61, 55, '???', 0.1]
[250, 0, 4, 1, 8, 1, 44, 59, 53, '???', 0.1]
[250, 0, 4, 1, 8, 1, 41, 56, 50, '???', 0.1]
[250, 0, 4, 1, 8, 1, 38, 53, 47, '???', 0.1]
[250, 0, 4, 1, 8, 1, 36, 51, 45, '???', 0.1]
[250, 0, 4, 1, 8, 1, 33, 48, 42, '???', 0.1]
[250, 0, 4, 1, 8, 1, 31, 46, 40, '???', 0.1]
[250, 0, 4, 1, 8, 1, 28, 43, 37, '???', 0.1]
[250, 0, 4, 1, 8, 1, 25, 40, 34, '???', 0.1]
[250, 0, 4, 1, 8, 1, 23, 38, 32, '???', 0.1]
[250, 0, 4, 1, 8, 1, 20, 35, 29, '???', 0.1]
[250, 0, 4, 1, 8, 1, 18, 33, 27, '???', 0.1]
[250, 0, 4, 1, 8, 1, 15, 30, 24, '???', 0.1]
[250, 0, 4, 1, 8, 1, 12, 27, 21, '???', 0.1]
[250, 0, 4, 1, 8, 1, 10, 25, 19, '???', 0.1]
[250, 0, 4, 1, 8, 1, 7, 22, 16, '???', 0.1]
[250, 0, 4, 1, 8, 1, 5, 20, 14, '???', 0.1]
[250, 0, 4, 1, 8, 1, 2, 17, 11, '???', 0.1]
[250, 0, 4, 1, 8, 1, 0, 15, 9, '???', 0.1]
[250, 0, 4, 1, 8, 1, 2, 17, 11, '???', 0.1]
[250, 0, 4, 1, 8, 1, 5, 20, 14, '???', 0.1]
[250, 0, 4, 1, 8, 1, 7, 22, 16, '???', 0.1]
[250, 0, 4, 1, 8, 1, 10, 25, 19, '???', 0.1]
[250, 0, 4, 1, 8, 1, 12, 27, 21, '???', 0.1]
[250, 0, 4, 1, 8, 1, 15, 30, 24, '???', 0.1]
[250, 0, 4, 1, 8, 1, 18, 33, 27, '???', 0.1]
[250, 0, 4, 1, 8, 1, 20, 35, 29, '???', 0.1]
[250, 0, 4, 1, 8, 1, 23, 38, 32, '???', 0.1]
[250, 0, 4, 1, 8, 1, 25, 40, 34, '???', 0.1]
[250, 0, 4, 1, 8, 1, 28, 43, 37, '???', 0.1]
[250, 0, 4, 1, 8, 1, 31, 46, 40, '???', 0.1]
[250, 0, 4, 1, 8, 1, 33, 48, 42, '???', 0.1]
[250, 0, 4, 1, 8, 1, 36, 51, 45, '???', 0.1]
[250, 0, 4, 1, 8, 1, 38, 53, 47, '???', 0.1]
[250, 0, 4, 1, 8, 1, 41, 56, 50, '???', 0.1]
[250, 0, 4, 1, 8, 1, 44, 59, 53, '???', 0.1]
[250, 0, 4, 1, 8, 1, 46, 61, 55, '???', 0.1]
[250, 0, 4, 1, 8, 1, 49, 64, 58, '???', 0.1]
[250, 0, 4, 1, 8, 1, 52, 67, 61, '???', 0.1]
[250, 0, 4, 1, 8, 1, 54, 69, 63, '???', 0.1]
[250, 0, 4, 1, 8, 1, 57, 72, 66, '???', 0.1]
[250, 0, 4, 1, 8, 1, 59, 74, 68, '???', 0.1]
[250, 0, 4, 1, 8, 1, 62, 77, 71, '???', 0.1]
[250, 0, 4, 1, 8, 1, 65, 80, 74, '???', 0.1]
[250, 0, 4, 1, 8, 1, 67, 82, 76, '???', 0.1]
[250, 0, 4, 1, 8, 1, 70, 85, 79, '???', 0.1]
[250, 0, 4, 1, 8, 1, 72, 87, 81, '???', 0.1]
[250, 0, 4, 1, 8, 1, 75, 90, 84, '???', 0.1]
[250, 0, 4, 1, 8, 1, 78, 93, 87, '???', 0.1]
[250, 0, 4, 1, 8, 1, 80, 95, 89, '???', 0.1]
[250, 0, 4, 1, 8, 1, 83, 98, 92, '???', 0.1]
[250, 0, 4, 1, 8, 1, 85, 100, 94, '???', 0.1]
[250, 0, 4, 1, 8, 1, 88, 103, 97, '???', 0.1]
[250, 0, 4, 1, 8, 1, 91, 106, 100, '???', 0.1]
[250, 0, 4, 1, 8, 1, 93, 108, 102, '???', 0.1]
[250, 0, 4, 1, 8, 1, 96, 111, 105, '???', 0.1]
[250, 0, 4, 1, 8, 1, 98, 113, 107, '???', 0.1]
[250, 0, 4, 1, 8, 1, 101, 116, 110, '???', 0.1]
[250, 0, 4, 1, 8, 1, 104, 119, 113, '???', 0.1]
[250, 0, 4, 1, 8, 1, 106, 121, 115, '???', 0.1]
[250, 0, 4, 1, 8, 1, 109, 124, 118, '???', 0.1]
[250, 0, 4, 1, 8, 1, 112, 127, 121, '???', 0.1]
[250, 0, 4, 1, 8, 1, 114, 129, 123, '???', 0.1]
[250, 0, 4, 1, 8, 1, 117, 132, 126, '???', 0.1]
[250, 0, 4, 1, 8, 1, 119, 134, 128, '???', 0.1]
[250, 0, 4, 1, 8, 1, 122, 137, 131, '???', 0.1]
[250, 0, 4, 1, 8, 1, 125, 140, 134, '???', 0.1]
[250, 0, 4, 1, 8, 1, 127, 142, 136, '???', 0.1]
[250, 0, 4, 1, 8, 1, 130, 145, 139, '???', 0.1]
[250, 0, 4, 1, 8, 1, 132, 147, 141, '???', 0.1]
[250, 0, 4, 1, 8, 1, 135, 150, 144, '???', 0.1]
[250, 0, 4, 1, 8, 1, 138, 153, 147, '???', 0.1]
[250, 0, 4, 1, 8, 1, 140, 155, 149, '???', 0.1]
[250, 0, 4, 1, 8, 1, 143, 158, 152, '???', 0.1]
[250, 0, 4, 1, 8, 1, 145, 160, 154, '???', 0.1]
[250, 0, 4, 1, 8, 1, 148, 163, 157, '???', 0.1]
[250, 0, 4, 1, 8, 1, 151, 166, 160, '???', 0.1]
[250, 0, 4, 1, 8, 1, 153, 168, 162, '???', 0.1]
[250, 0, 4, 1, 8, 1, 156, 171, 165, '???', 0.1]
[250, 0, 4, 1, 8, 1, 158, 173, 167, '???', 0.1]
[250, 0, 4, 1, 8, 1, 161, 176, 170, '???', 0.1]
[250, 0, 4, 1, 8, 1, 164, 179, 173, '???', 0.1]
[250, 0, 4, 1, 8, 1, 166, 181, 175, '???', 0.1]
[250, 0, 4, 1, 8, 1, 169, 184, 178, '???', 0.1]
[250, 0, 4, 1, 8, 1, 172, 187, 181, '???', 0.1]
[250, 0, 4, 1, 8, 1, 174, 189, 183, '???', 0.1]
[250, 0, 4, 1, 8, 1, 177, 192, 186, '???', 0.1]
[250, 0, 4, 1, 8, 1, 179, 194, 188, '???', 0.1]
[250, 0, 4, 1, 8, 1, 182, 197, 191, '???', 0.1]
[250, 0, 4, 1, 8, 1, 185, 200, 194, '???', 0.1]
[250, 0, 4, 1, 8, 1, 187, 202, 196, '???', 0.1]
[250, 0, 4, 1, 8, 1, 190, 205, 199, '???', 0.1]
[250, 0, 4, 1, 8, 1, 192, 207, 201, '???', 0.1]
[250, 0, 4, 1, 8, 1, 195, 210, 204, '???', 0.1]
[250, 0, 4, 1, 8, 1, 198, 213, 207, '???', 0.1]
[250, 0, 4, 1, 8, 1, 200, 215, 209, '???', 0.1]
[250, 0, 4, 1, 8, 1, 203, 218, 212, '???', 0.1]
[250, 0, 4, 1, 8, 1, 205, 220, 214, '???', 0.1]
[250, 0, 4, 1, 8, 1, 208, 223, 217, '???', 0.1]
[250, 0, 4, 1, 8, 1, 211, 226, 220, '???', 0.1]
[250, 0, 4, 1, 8, 1, 213, 228, 222, '???', 0.1]
[250, 0, 4, 1, 8, 1, 216, 231, 225, '???', 0.1]
[250, 0, 4, 1, 8, 1, 218, 233, 227, '???', 0.1]
[250, 0, 4, 1, 8, 1, 221, 236, 230, '???', 0.1]
[250, 0, 4, 1, 8, 1, 224, 239, 233, '???', 0.1]
[250, 0, 4, 1, 8, 1, 226, 241, 235, '???', 0.1]
[250, 0, 4, 1, 8, 1, 229, 244, 238, '???', 0.1]
[250, 0, 4, 1, 8, 1, 232, 247, 241, '???', 0.1]
[250, 0, 4, 1, 8, 1, 234, 249, 243, '???', 0.1]
[250, 0, 4, 1, 8, 1, 237, 252, 246, '???', 0.1]
[250, 0, 4, 1, 8, 1, 239, 254, 248, '???', 0.1]
[250, 0, 4, 1, 8, 1, 242, 2, 251, '???', 0.1]
[250, 0, 4, 1, 8, 1, 245, 5, 254, '???', 0.1]
[250, 0, 4, 1, 8, 1, 247, 7, 1, '???', 0.1]
[250, 0, 4, 1, 8, 1, 250, 10, 4, '???', 0.1]
[250, 0, 4, 1, 8, 1, 252, 12, 6, '???', 0.1]
[250, 0, 4, 1, 8, 1, 255, 15, 9, '???', 0.1]
[250, 0, 4, 1, 8, 1, 254, 14, 8, '???', 0.1]
[250, 0, 4, 1, 8, 1, 247, 7, 1, '???', 0.1]
[250, 0, 4, 1, 8, 1, 243, 3, 252, '???', 0.1]
[250, 0, 4, 1, 8, 1, 239, 254, 248, '???', 0.1]
[250, 0, 4, 1, 8, 1, 236, 251, 245, '???', 0.1]
[250, 0, 4, 1, 8, 1, 233, 248, 242, '???', 0.1]
[250, 0, 4, 1, 8, 1, 230, 245, 239, '???', 0.1]
[250, 0, 4, 1, 8, 1, 229, 244, 238, '???', 0.1]
[250, 0, 4, 1, 8, 1, 226, 241, 235, '???', 0.1]
[250, 0, 4, 1, 8, 1, 224, 239, 233, '???', 0.1]
[250, 0, 4, 1, 8, 1, 221, 236, 230, '???', 0.1]
[250, 0, 4, 1, 8, 1, 218, 233, 227, '???', 0.1]
[250, 0, 4, 1, 8, 1, 216, 231, 225, '???', 0.1]
[250, 0, 4, 1, 8, 1, 210, 225, 219, '???', 0.1]
[250, 0, 4, 1, 8, 1, 207, 222, 216, '???', 0.1]
[250, 0, 4, 1, 8, 1, 206, 221, 215, '???', 0.1]
[250, 0, 4, 1, 8, 1, 204, 219, 213, '???', 0.1]
[250, 0, 4, 1, 8, 1, 202, 217, 211, '???', 0.1]
[250, 0, 4, 1, 8, 1, 199, 214, 208, '???', 0.1]
[250, 0, 4, 1, 8, 1, 196, 211, 205, '???', 0.1]
[250, 0, 4, 1, 8, 1, 194, 209, 203, '???', 0.1]
[250, 0, 4, 1, 8, 1, 191, 206, 200, '???', 0.1]
[250, 0, 4, 1, 8, 1, 188, 203, 197, '???', 0.1]
[250, 0, 4, 1, 8, 1, 186, 201, 195, '???', 0.1]
[250, 0, 4, 1, 8, 1, 183, 198, 192, '???', 0.1]
[250, 0, 4, 1, 8, 1, 181, 196, 190, '???', 0.1]
[250, 0, 4, 1, 8, 1, 178, 193, 187, '???', 0.1]
[250, 0, 4, 1, 8, 1, 175, 190, 184, '???', 0.1]
[250, 0, 4, 1, 8, 1, 173, 188, 182, '???', 0.1]
[250, 0, 4, 1, 8, 1, 170, 185, 179, '???', 0.1]
[250, 0, 4, 1, 8, 1, 168, 183, 177, '???', 0.1]
[250, 0, 4, 1, 8, 1, 165, 180, 174, '???', 0.1]
[250, 0, 4, 1, 8, 1, 162, 177, 171, '???', 0.1]
[250, 0, 4, 1, 8, 1, 160, 175, 169, '???', 0.1]
[250, 0, 4, 1, 8, 1, 157, 172, 166, '???', 0.1]
[250, 0, 4, 1, 8, 1, 155, 170, 164, '???', 0.1]
[250, 0, 4, 1, 8, 1, 152, 167, 161, '???', 0.1]
[250, 0, 4, 1, 8, 1, 149, 164, 158, '???', 0.1]
[250, 0, 4, 1, 8, 1, 147, 162, 156, '???', 0.1]
[250, 0, 4, 1, 8, 1, 144, 159, 153, '???', 0.1]
[250, 0, 4, 1, 8, 1, 142, 157, 151, '???', 0.1]
[250, 0, 4, 1, 8, 1, 139, 154, 148, '???', 0.1]
[250, 0, 4, 1, 8, 1, 136, 151, 145, '???', 0.1]
[250, 0, 4, 1, 8, 1, 134, 149, 143, '???', 0.1]
[250, 0, 4, 1, 8, 1, 131, 146, 140, '???', 0.1]
[250, 0, 4, 1, 8, 1, 128, 143, 137, '???', 0.1]
[250, 0, 4, 1, 8, 1, 126, 141, 135, '???', 0.1]
[250, 0, 4, 1, 8, 1, 123, 138, 132, '???', 0.1]
[250, 0, 4, 1, 8, 1, 121, 136, 130, '???', 0.1]
[250, 0, 4, 1, 8, 1, 118, 133, 127, '???', 0.1]
[250, 0, 4, 1, 8, 1, 115, 130, 124, '???', 0.1]
[250, 0, 4, 1, 8, 1, 113, 128, 122, '???', 0.1]
[250, 0, 4, 1, 8, 1, 110, 125, 119, '???', 0.1]
[250, 0, 4, 1, 8, 1, 108, 123, 117, '???', 0.1]
[250, 0, 4, 1, 8, 1, 105, 120, 114, '???', 0.1]
[250, 0, 4, 1, 8, 1, 102, 117, 111, '???', 0.1]
[250, 0, 4, 1, 8, 1, 102, 117, 111, '???', 0.1]
