[250, 0, 2, 79, 127, 11, 203, 250, 0, 1, 71, 53, 67, 'left eyelid', 2]
[250, 0, 4, 1, 64, 1, 126, 54, 191, '???', 0.1]
[250, 0, 4, 1, 64, 1, 123, 51, 188, '???', 0.1]
[250, 0, 4, 1, 64, 1, 121, 49, 186, '???', 0.1]
[250, 0, 4, 1, 64, 1, 118, 46, 183, '???', 0.1]
[250, 0, 4, 1, 64, 1, 115, 43, 180, '???', 0.1]
[250, 0, 4, 1, 64, 1, 113, 41, 178, '???', 0.1]
[250, 0, 4, 1, 64, 1, 110, 38, 175, '???', 0.1]
[250, 0, 4, 1, 64, 1, 108, 36, 173, '???', 0.1]
[250, 0, 4, 1, 64, 1, 105, 33, 170, '???', 0.1]
[250, 0, 4, 1, 64, 1, 102, 30, 167, '???', 0.1]
[250, 0, 4, 1, 64, 1, 100, 28, 165, '???', 0.1]
[250, 0, 4, 1, 64, 1, 97, 25, 162, '???', 0.1]
[250, 0, 4, 1, 64, 1, 95, 23, 160, '???', 0.1]
[250, 0, 4, 1, 64, 1, 92, 20, 157, '???', 0.1]
[250, 0, 4, 1, 64, 1, 89, 17, 154, '???', 0.1]
[250, 0, 4, 1, 64, 1, 87, 15, 152, '???', 0.1]
[250, 0, 4, 1, 64, 1, 84, 12, 149, '???', 0.1]
[250, 0, 4, 1, 64, 1, 82, 10, 147, '???', 0.1]
[250, 0, 4, 1, 64, 1, 79, 7, 144, '???', 0.1]
[250, 0, 4, 1, 64, 1, 76, 4, 141, '???', 0.1]
[250, 0, 4, 1, 64, 1, 74, 2, 139, '???', 0.1]
[250, 0, 4, 1, 64, 1, 71, 254, 136, '???', 0.1]
[250, 0, 4, 1, 64, 1, 68, 251, 133, '???', 0.1]
[250, 0, 4, 1, 64, 1, 66, 249, 131, '???', 0.1]
[250, 0, 4, 1, 64, 1, 63, 246, 128, '???', 0.1]
[250, 0, 4, 1, 64, 1, 61, 244, 126, '???', 0.1]
[250, 0, 4, 1, 64, 1, 58, 241, 123, '???', 0.1]
[250, 0, 4, 1, 64, 1, 55, 238, 120, '???', 0.1]
[250, 0, 4, 1, 64, 1, 53, 236, 118, '???', 0.1]
[250, 0, 4, 1, 64, 1, 50, 233, 115, '???', 0.1]
[250, 0, 4, 1, 64, 1, 48, 231, 113, '???', 0.1]
[250, 0, 4, 1, 64, 1, 45, 228, 110, '???', 0.1]
[250, 0, 4, 1, 64, 1, 42, 225, 107, '???', 0.1]
[250, 0, 4, 1, 64, 1, 40, 223, 105, '???', 0.1]
[250, 0, 4, 1, 64, 1, 37, 220, 102, '???', 0.1]
[250, 0, 4, 1, 64, 1, 35, 218, 100, '???', 0.1]
[250, 0, 4, 1, 64, 1, 32, 215, 97, '???', 0.1]
[250, 0, 4, 1, 64, 1, 29, 212, 94, '???', 0.1]
[250, 0, 4, 1, 64, 1, 27, 210, 92, '???', 0.1]
[250, 0, 4, 1, 64, 1, 24, 207, 89, '???', 0.1]
[250, 0, 4, 1, 64, 1, 22, 205, 87, '???', 0.1]
[250, 0, 4, 1, 64, 1, 19, 202, 84, '???', 0.1]
[250, 0, 4, 1, 64, 1, 16, 199, 81, '???', 0.1]
[250, 0, 4, 1, 64, 1, 14, 197, 79, '???', 0.1]
[250, 0, 4, 1, 64, 1, 11, 194, 76, '???', 0.1]
[250, 0, 4, 1, 64, 1, 8, 191, 73, '???', 0.1]
[250, 0, 4, 1, 64, 1, 6, 189, 71, '???', 0.1]
[250, 0, 4, 1, 64, 1, 3, 186, 68, '???', 0.1]
[250, 0, 4, 1, 64, 1, 1, 184, 66, '???', 0.1]
[250, 0, 4, 1, 64, 1, 0, 183, 65, '???', 0.1]
[250, 0, 4, 1, 64, 1, 1, 184, 66, '???', 0.1]
[250, 0, 4, 1, 64, 1, 3, 186, 68, '???', 0.1]
[250, 0, 4, 1, 64, 1, 6, 189, 71, '???', 0.1]
[250, 0, 4, 1, 64, 1, 8, 191, 73, '???', 0.1]
[250, 0, 4, 1, 64, 1, 11, 194, 76, '???', 0.1]
[250, 0, 4, 1, 64, 1, 14, 197, 79, '???', 0.1]
[250, 0, 4, 1, 64, 1, 16, 199, 81, '???', 0.1]
[250, 0, 4, 1, 64, 1, 19, 202, 84, '???', 0.1]
[250, 0, 4, 1, 64, 1, 22, 205, 87, '???', 0.1]
[250, 0, 4, 1, 64, 1, 24, 207, 89, '???', 0.1]
[250, 0, 4, 1, 64, 1, 27, 210, 92, '???', 0.1]
[250, 0, 4, 1, 64, 1, 29, 212, 94, '???', 0.1]
[250, 0, 4, 1, 64, 1, 32, 215, 97, '???', 0.1]
[250, 0, 4, 1, 64, 1, 35, 218, 100, '???', 0.1]
[250, 0, 4, 1, 64, 1, 37, 220, 102, '???', 0.1]
[250, 0, 4, 1, 64, 1, 40, 223, 105, '???', 0.1]
[250, 0, 4, 1, 64, 1, 42, 225, 107, '???', 0.1]
[250, 0, 4, 1, 64, 1, 45, 228, 110, '???', 0.1]
[250, 0, 4, 1, 64, 1, 48, 231, 113, '???', 0.1]
[250, 0, 4, 1, 64, 1, 50, 233, 115, '???', 0.1]
[250, 0, 4, 1, 64, 1, 53, 236, 118, '???', 0.1]
[250, 0, 4, 1, 64, 1, 55, 238, 120, '???', 0.1]
[250, 0, 4, 1, 64, 1, 58, 241, 123, '???', 0.1]
[250, 0, 4, 1, 64, 1, 61, 244, 126, '???', 0.1]
[250, 0, 4, 1, 64, 1, 63, 246, 128, '???', 0.1]
[250, 0, 4, 1, 64, 1, 66, 249, 131, '???', 0.1]
[250, 0, 4, 1, 64, 1, 68, 251, 133, '???', 0.1]
[250, 0, 4, 1, 64, 1, 71, 254, 136, '???', 0.1]
[250, 0, 4, 1, 64, 1, 74, 2, 139, '???', 0.1]
[250, 0, 4, 1, 64, 1, 76, 4, 141, '???', 0.1]
[250, 0, 4, 1, 64, 1, 79, 7, 144, '???', 0.1]
[250, 0, 4, 1, 64, 1, 82, 10, 147, '???', 0.1]
[250, 0, 4, 1, 64, 1, 84, 12, 149, '???', 0.1]
[250, 0, 4, 1, 64, 1, 87, 15, 152, '???', 0.1]
[250, 0, 4, 1, 64, 1, 89, 17, 154, '???', 0.1]
[250, 0, 4, 1, 64, 1, 92, 20, 157, '???', 0.1]
[250, 0, 4, 1, 64, 1, 95, 23, 160, '???', 0.1]
[250, 0, 4, 1, 64, 1, 97, 25, 162, '???', 0.1]
[250, 0, 4, 1, 64, 1, 100, 28, 165, '???', 0.1]
[250, 0, 4, 1, 64, 1, 102, 30, 167, '???', 0.1]
[250, 0, 4, 1, 64, 1, 105, 33, 170, '???', 0.1]
[250, 0, 4, 1, 64, 1, 108, 36, 173, '???', 0.1]
[250, 0, 4, 1, 64, 1, 110, 38, 175, '???', 0.1]
[250, 0, 4, 1, 64, 1, 113, 41, 178, '???', 0.1]
[250, 0, 4, 1, 64, 1, 115, 43, 180, '???', 0.1]
[250, 0, 4, 1, 64, 1, 118, 46, 183, '???', 0.1]
[250, 0, 4, 1, 64, 1, 121, 49, 186, '???', 0.1]
[250, 0, 4, 1, 64, 1, 123, 51, 188, '???', 0.1]
[250, 0, 4, 1, 64, 1, 126, 54, 191, '???', 0.1]
[250, 0, 4, 1, 64, 1, 128, 56, 193, '???', 0.1]
[250, 0, 4, 1, 64, 1, 131, 59, 196, '???', 0.1]
[250, 0, 4, 1, 64, 1, 134, 62, 199, '???', 0.1]
[250, 0, 4, 1, 64, 1, 136, 64, 201, '???', 0.1]
[250, 0, 4, 1, 64, 1, 139, 67, 204, '???', 0.1]
[250, 0, 4, 1, 64, 1, 142, 70, 207, '???', 0.1]
[250, 0, 4, 1, 64, 1, 144, 72, 209, '???', 0.1]
[250, 0, 4, 1, 64, 1, 147, 75, 212, '???', 0.1]
[250, 0, 4, 1, 64, 1, 149, 77, 214, '???', 0.1]
[250, 0, 4, 1, 64, 1, 152, 80, 217, '???', 0.1]
[250, 0, 4, 1, 64, 1, 155, 83, 220, '???', 0.1]
[250, 0, 4, 1, 64, 1, 157, 85, 222, '???', 0.1]
[250, 0, 4, 1, 64, 1, 160, 88, 225, '???', 0.1]
[250, 0, 4, 1, 64, 1, 162, 90, 227, '???', 0.1]
[250, 0, 4, 1, 64, 1, 165, 93, 230, '???', 0.1]
[250, 0, 4, 1, 64, 1, 168, 96, 233, '???', 0.1]
[250, 0, 4, 1, 64, 1, 170, 98, 235, '???', 0.1]
[250, 0, 4, 1, 64, 1, 173, 101, 238, '???', 0.1]
[250, 0, 4, 1, 64, 1, 175, 103, 240, '???', 0.1]
[250, 0, 4, 1, 64, 1, 178, 106, 243, '???', 0.1]
[250, 0, 4, 1, 64, 1, 181, 109, 246, '???', 0.1]
[250, 0, 4, 1, 64, 1, 183, 111, 248, '???', 0.1]
[250, 0, 4, 1, 64, 1, 186, 114, 251, '???', 0.1]
[250, 0, 4, 1, 64, 1, 188, 116, 253, '???', 0.1]
[250, 0, 4, 1, 64, 1, 191, 119, 1, '???', 0.1]
[250, 0, 4, 1, 64, 1, 194, 122, 4, '???', 0.1]
[250, 0, 4, 1, 64, 1, 196, 124, 6, '???', 0.1]
[250, 0, 4, 1, 64, 1, 199, 127, 9, '???', 0.1]
[250, 0, 4, 1, 64, 1, 202, 130, 12, '???', 0.1]
[250, 0, 4, 1, 64, 1, 204, 132, 14, '???', 0.1]
[250, 0, 4, 1, 64, 1, 207, 135, 17, '???', 0.1]
[250, 0, 4, 1, 64, 1, 209, 137, 19, '???', 0.1]
[250, 0, 4, 1, 64, 1, 212, 140, 22, '???', 0.1]
[250, 0, 4, 1, 64, 1, 215, 143, 25, '???', 0.1]
[250, 0, 4, 1, 64, 1, 220, 148, 30, '???', 0.1]
[250, 0, 4, 1, 64, 1, 224, 152, 34, '???', 0.1]
[250, 0, 4, 1, 64, 1, 227, 155, 37, '???', 0.1]
[250, 0, 4, 1, 64, 1, 231, 159, 41, '???', 0.1]
[250, 0, 4, 1, 64, 1, 234, 162, 44, '???', 0.1]
[250, 0, 4, 1, 64, 1, 237, 165, 47, '???', 0.1]
[250, 0, 4, 1, 64, 1, 239, 167, 49, '???', 0.1]
[250, 0, 4, 1, 64, 1, 241, 169, 51, '???', 0.1]
[250, 0, 4, 1, 64, 1, 244, 172, 54, '???', 0.1]
[250, 0, 4, 1, 64, 1, 247, 175, 57, '???', 0.1]
[250, 0, 4, 1, 64, 1, 249, 177, 59, '???', 0.1]
[250, 0, 4, 1, 64, 1, 252, 180, 62, '???', 0.1]
[250, 0, 4, 1, 64, 1, 254, 182, 64, '???', 0.1]
[250, 0, 4, 1, 64, 1, 255, 183, 65, '???', 0.1]
[250, 0, 4, 1, 64, 1, 252, 180, 62, '???', 0.1]
[250, 0, 4, 1, 64, 1, 250, 178, 60, '???', 0.1]
[250, 0, 4, 1, 64, 1, 248, 176, 58, '???', 0.1]
[250, 0, 4, 1, 64, 1, 246, 174, 56, '???', 0.1]
[250, 0, 4, 1, 64, 1, 240, 168, 50, '???', 0.1]
[250, 0, 4, 1, 64, 1, 237, 165, 47, '???', 0.1]
[250, 0, 4, 1, 64, 1, 233, 161, 43, '???', 0.1]
[250, 0, 4, 1, 64, 1, 230, 158, 40, '???', 0.1]
[250, 0, 4, 1, 64, 1, 228, 156, 38, '???', 0.1]
[250, 0, 4, 1, 64, 1, 225, 153, 35, '???', 0.1]
[250, 0, 4, 1, 64, 1, 222, 150, 32, '???', 0.1]
[250, 0, 4, 1, 64, 1, 220, 148, 30, '???', 0.1]
[250, 0, 4, 1, 64, 1, 217, 145, 27, '???', 0.1]
[250, 0, 4, 1, 64, 1, 215, 143, 25, '???', 0.1]
[250, 0, 4, 1, 64, 1, 212, 140, 22, '???', 0.1]
[250, 0, 4, 1, 64, 1, 209, 137, 19, '???', 0.1]
[250, 0, 4, 1, 64, 1, 207, 135, 17, '???', 0.1]
[250, 0, 4, 1, 64, 1, 204, 132, 14, '???', 0.1]
[250, 0, 4, 1, 64, 1, 202, 130, 12, '???', 0.1]
[250, 0, 4, 1, 64, 1, 199, 127, 9, '???', 0.1]
[250, 0, 4, 1, 64, 1, 196, 124, 6, '???', 0.1]
[250, 0, 4, 1, 64, 1, 194, 122, 4, '???', 0.1]
[250, 0, 4, 1, 64, 1, 191, 119, 1, '???', 0.1]
[250, 0, 4, 1, 64, 1, 188, 116, 253, '???', 0.1]
[250, 0, 4, 1, 64, 1, 186, 114, 251, '???', 0.1]
[250, 0, 4, 1, 64, 1, 183, 111, 248, '???', 0.1]
[250, 0, 4, 1, 64, 1, 180, 108, 245, '???', 0.1]
[250, 0, 4, 1, 64, 1, 177, 105, 242, '???', 0.1]
[250, 0, 4, 1, 64, 1, 175, 103, 240, '???', 0.1]
[250, 0, 4, 1, 64, 1, 172, 100, 237, '???', 0.1]
[250, 0, 4, 1, 64, 1, 168, 96, 233, '???', 0.1]
[250, 0, 4, 1, 64, 1, 166, 94, 231, '???', 0.1]
[250, 0, 4, 1, 64, 1, 161, 89, 226, '???', 0.1]
[250, 0, 4, 1, 64, 1, 160, 88, 225, '???', 0.1]
[250, 0, 4, 1, 64, 1, 158, 86, 223, '???', 0.1]
[250, 0, 4, 1, 64, 1, 155, 83, 220, '???', 0.1]
[250, 0, 4, 1, 64, 1, 153, 81, 218, '???', 0.1]
[250, 0, 4, 1, 64, 1, 150, 78, 215, '???', 0.1]
[250, 0, 4, 1, 64, 1, 147, 75, 212, '???', 0.1]
[250, 0, 4, 1, 64, 1, 144, 72, 209, '???', 0.1]
[250, 0, 4, 1, 64, 1, 142, 70, 207, '???', 0.1]
[250, 0, 4, 1, 64, 1, 139, 67, 204, '???', 0.1]
[250, 0, 4, 1, 64, 1, 136, 64, 201, '???', 0.1]
[250, 0, 4, 1, 64, 1, 134, 62, 199, '???', 0.1]
[250, 0, 4, 1, 64, 1, 131, 59, 196, '???', 0.1]
[250, 0, 4, 1, 64, 1, 128, 56, 193, '???', 0.1]
[250, 0, 4, 1, 64, 1, 126, 54, 191, '???', 0.1]
[250, 0, 4, 1, 64, 1, 123, 51, 188, '???', 0.1]
[250, 0, 4, 1, 64, 1, 121, 49, 186, '???', 0.1]
[250, 0, 4, 1, 64, 1, 117, 45, 182, '???', 0.1]
[250, 0, 4, 1, 64, 1, 115, 43, 180, '???', 0.1]
[250, 0, 4, 1, 64, 1, 115, 43, 180, '???', 0.1]
