[250, 0, 2, 79, 127, 11, 203, 250, 0, 1, 71, 53, 67, 'start', 3]
[250, 0, 10, 1, 127, 1, 127, 127, 127, 127, 127, 127, 127, 172, 3, 'center head', 5]
[250, 0, 4, 1, 64, 1, 229, 157, 39, 'left eyelid closed', 1]
[250, 0, 4, 1, 64, 1, 127, 55, 192, 'left eye lid half open', 1]
[250, 0, 4, 1, 64, 1, 25, 208, 90, 'left eye lid fully open', 1]
[250, 0, 4, 1, 64, 1, 127, 55, 192, 'left eye lid half open', 1]
[250, 0, 4, 1, 64, 1, 229, 157, 39, 'left eyelid closed', 1]
[250, 0, 4, 1, 64, 1, 127, 55, 192, 'left eye lid half open', 1]
[250, 0, 4, 1, 64, 1, 25, 208, 90, 'left eye lid fully open', 1]
[250, 0, 4, 1, 64, 1, 127, 55, 192, 'left eye lid half open', 1]
[250, 0, 4, 1, 64, 1, 229, 157, 39, 'left eye lid closed', 1]
[250, 0, 4, 1, 64, 1, 127, 55, 192, 'left eye lid half open', 1]
[250, 0, 4, 1, 64, 1, 25, 208, 90, 'left eye lid fully open', 1]
[250, 0, 4, 1, 32, 1, 229, 61, 7, 'right eye closed', 1]
[250, 0, 4, 1, 32, 1, 127, 214, 160, 'right eye half open', 1]
[250, 0, 4, 1, 32, 1, 25, 112, 58, 'right eye fully open', 1]
[250, 0, 4, 1, 32, 1, 127, 214, 160, 'right eye half open', 1]
[250, 0, 4, 1, 32, 1, 25, 112, 58, 'right eye fully open', 1]
[250, 0, 4, 1, 32, 1, 229, 61, 7, 'right eye  closed', 1]
[250, 0, 4, 1, 32, 1, 127, 214, 160, 'right eye half open', 1]
[250, 0, 4, 1, 32, 1, 25, 112, 58, 'right eye fully open', 1]
[250, 0, 4, 1, 32, 1, 127, 214, 160, 'right eye half closed', 1]
[250, 0, 4, 1, 32, 1, 25, 112, 58, 'right eye fully open', 1]
[250, 0, 4, 1, 16, 1, 229, 13, 246, 'eyes right', 1]
[250, 0, 4, 1, 16, 1, 127, 166, 144, 'eyes center', 1]
[250, 0, 4, 1, 16, 1, 25, 64, 42, 'eyes left', 1]
[250, 0, 4, 1, 16, 1, 127, 166, 144, 'eyes center', 1]
[250, 0, 4, 1, 16, 1, 229, 13, 246, 'eyes right', 1]
[250, 0, 4, 1, 16, 1, 127, 166, 144, 'eyes center', 1]
[250, 0, 4, 1, 16, 1, 25, 64, 42, 'eyes left', 1]
[250, 0, 4, 1, 16, 1, 127, 166, 144, 'eyes center', 1]
[250, 0, 4, 1, 8, 1, 229, 244, 238, 'eyes down', 1]
[250, 0, 4, 1, 8, 1, 127, 142, 136, 'eyes center', 1]
[250, 0, 4, 1, 8, 1, 25, 40, 34, 'eyes up', 1]
[250, 0, 4, 1, 8, 1, 127, 142, 136, 'eyes center', 1]
[250, 0, 4, 1, 8, 1, 229, 244, 238, 'eyes down', 1]
[250, 0, 4, 1, 8, 1, 127, 142, 136, 'eyes center', 1]
[250, 0, 4, 1, 8, 1, 25, 40, 34, 'eyes up', 1]
[250, 0, 4, 1, 8, 1, 127, 142, 136, 'eyes center', 1]
[250, 0, 4, 1, 4, 1, 229, 232, 234, 'head tilt up', 1]
[250, 0, 4, 1, 4, 1, 127, 130, 132, 'head tilt center', 1]
[250, 0, 4, 1, 4, 1, 25, 28, 30, 'head tilt down', 1]
[250, 0, 4, 1, 4, 1, 127, 130, 132, 'head tilt center', 1]
[250, 0, 4, 1, 4, 1, 229, 232, 234, 'head tilt up', 1]
[250, 0, 4, 1, 4, 1, 127, 130, 132, 'head tilt center', 1]
[250, 0, 4, 1, 4, 1, 25, 28, 30, 'head tilt down', 1]
[250, 0, 4, 1, 4, 1, 127, 130, 132, 'head tilt center', 1]
[250, 0, 4, 1, 2, 1, 229, 226, 232, 'head rotate left', 1]
[250, 0, 4, 1, 2, 1, 127, 124, 130, 'head rotate center', 1]
[250, 0, 4, 1, 2, 1, 25, 22, 28, 'rotate right', 1]
[250, 0, 4, 1, 2, 1, 127, 124, 130, 'head rotate center', 1]
[250, 0, 4, 1, 2, 1, 229, 226, 232, 'head rotate left', 1]
[250, 0, 4, 1, 2, 1, 127, 124, 130, 'head rotate center', 1]
[250, 0, 4, 1, 2, 1, 25, 22, 28, 'head rotate right', 1]
[250, 0, 4, 1, 2, 1, 127, 124, 130, 'head rotate center', 1]
[250, 0, 4, 1, 1, 1, 229, 223, 231, 'head rotate left', 1]
[250, 0, 4, 1, 1, 1, 127, 121, 129, 'head rotate center', 1]
[250, 0, 4, 1, 1, 1, 25, 19, 27, 'head rotate right', 1]
[250, 0, 4, 1, 1, 1, 127, 121, 129, 'head rotate center', 1]
[250, 0, 4, 1, 1, 1, 229, 223, 231, 'head rotate left', 1]
[250, 0, 4, 1, 1, 1, 127, 121, 129, 'head rotate center', 1]
[250, 0, 4, 1, 1, 1, 25, 19, 27, 'head rotate right', 1]
[250, 0, 4, 1, 1, 1, 127, 121, 129, 'head rotate center', 1]
[250, 0, 10, 1, 127, 1, 127, 127, 127, 127, 127, 127, 127, 172, 3, 'center head', 5]
