[250, 0, 4, 1, 4, 1, 115, 118, 120, 'neck tilt (up/down)', 2]
[250, 0, 4, 1, 4, 1, 110, 113, 115, '???', 0.1]
[250, 0, 4, 1, 4, 1, 108, 111, 113, '???', 0.1]
[250, 0, 4, 1, 4, 1, 107, 110, 112, '???', 0.1]
[250, 0, 4, 1, 4, 1, 104, 107, 109, '???', 0.1]
[250, 0, 4, 1, 4, 1, 102, 105, 107, '???', 0.1]
[250, 0, 4, 1, 4, 1, 99, 102, 104, '???', 0.1]
[250, 0, 4, 1, 4, 1, 97, 100, 102, '???', 0.1]
[250, 0, 4, 1, 4, 1, 94, 97, 99, '???', 0.1]
[250, 0, 4, 1, 4, 1, 91, 94, 96, '???', 0.1]
[250, 0, 4, 1, 4, 1, 89, 92, 94, '???', 0.1]
[250, 0, 4, 1, 4, 1, 86, 89, 91, '???', 0.1]
[250, 0, 4, 1, 4, 1, 83, 86, 88, '???', 0.1]
[250, 0, 4, 1, 4, 1, 81, 84, 86, '???', 0.1]
[250, 0, 4, 1, 4, 1, 78, 81, 83, '???', 0.1]
[250, 0, 4, 1, 4, 1, 76, 79, 81, '???', 0.1]
[250, 0, 4, 1, 4, 1, 73, 76, 78, '???', 0.1]
[250, 0, 4, 1, 4, 1, 70, 73, 75, '???', 0.1]
[250, 0, 4, 1, 4, 1, 68, 71, 73, '???', 0.1]
[250, 0, 4, 1, 4, 1, 65, 68, 70, '???', 0.1]
[250, 0, 4, 1, 4, 1, 63, 66, 68, '???', 0.1]
[250, 0, 4, 1, 4, 1, 60, 63, 65, '???', 0.1]
[250, 0, 4, 1, 4, 1, 57, 60, 62, '???', 0.1]
[250, 0, 4, 1, 4, 1, 55, 58, 60, '???', 0.1]
[250, 0, 4, 1, 4, 1, 52, 55, 57, '???', 0.1]
[250, 0, 4, 1, 4, 1, 50, 53, 55, '???', 0.1]
[250, 0, 4, 1, 4, 1, 47, 50, 52, '???', 0.1]
[250, 0, 4, 1, 4, 1, 44, 47, 49, '???', 0.1]
[250, 0, 4, 1, 4, 1, 42, 45, 47, '???', 0.1]
[250, 0, 4, 1, 4, 1, 39, 42, 44, '???', 0.1]
[250, 0, 4, 1, 4, 1, 37, 40, 42, '???', 0.1]
[250, 0, 4, 1, 4, 1, 34, 37, 39, '???', 0.1]
[250, 0, 4, 1, 4, 1, 31, 34, 36, '???', 0.1]
[250, 0, 4, 1, 4, 1, 29, 32, 34, '???', 0.1]
[250, 0, 4, 1, 4, 1, 26, 29, 31, '???', 0.1]
[250, 0, 4, 1, 4, 1, 23, 26, 28, '???', 0.1]
[250, 0, 4, 1, 4, 1, 21, 24, 26, '???', 0.1]
[250, 0, 4, 1, 4, 1, 18, 21, 23, '???', 0.1]
[250, 0, 4, 1, 4, 1, 16, 19, 21, '???', 0.1]
[250, 0, 4, 1, 4, 1, 13, 16, 18, '???', 0.1]
[250, 0, 4, 1, 4, 1, 10, 13, 15, '???', 0.1]
[250, 0, 4, 1, 4, 1, 8, 11, 13, '???', 0.1]
[250, 0, 4, 1, 4, 1, 5, 8, 10, '???', 0.1]
[250, 0, 4, 1, 4, 1, 3, 6, 8, '???', 0.1]
[250, 0, 4, 1, 4, 1, 0, 3, 5, '???', 0.1]
[250, 0, 4, 1, 4, 1, 2, 5, 7, '???', 0.1]
[250, 0, 4, 1, 4, 1, 5, 8, 10, '???', 0.1]
[250, 0, 4, 1, 4, 1, 7, 10, 12, '???', 0.1]
[250, 0, 4, 1, 4, 1, 10, 13, 15, '???', 0.1]
[250, 0, 4, 1, 4, 1, 12, 15, 17, '???', 0.1]
[250, 0, 4, 1, 4, 1, 15, 18, 20, '???', 0.1]
[250, 0, 4, 1, 4, 1, 18, 21, 23, '???', 0.1]
[250, 0, 4, 1, 4, 1, 20, 23, 25, '???', 0.1]
[250, 0, 4, 1, 4, 1, 23, 26, 28, '???', 0.1]
[250, 0, 4, 1, 4, 1, 25, 28, 30, '???', 0.1]
[250, 0, 4, 1, 4, 1, 28, 31, 33, '???', 0.1]
[250, 0, 4, 1, 4, 1, 31, 34, 36, '???', 0.1]
[250, 0, 4, 1, 4, 1, 33, 36, 38, '???', 0.1]
[250, 0, 4, 1, 4, 1, 36, 39, 41, '???', 0.1]
[250, 0, 4, 1, 4, 1, 38, 41, 43, '???', 0.1]
[250, 0, 4, 1, 4, 1, 41, 44, 46, '???', 0.1]
[250, 0, 4, 1, 4, 1, 44, 47, 49, '???', 0.1]
[250, 0, 4, 1, 4, 1, 46, 49, 51, '???', 0.1]
[250, 0, 4, 1, 4, 1, 49, 52, 54, '???', 0.1]
[250, 0, 4, 1, 4, 1, 52, 55, 57, '???', 0.1]
[250, 0, 4, 1, 4, 1, 54, 57, 59, '???', 0.1]
[250, 0, 4, 1, 4, 1, 57, 60, 62, '???', 0.1]
[250, 0, 4, 1, 4, 1, 59, 62, 64, '???', 0.1]
[250, 0, 4, 1, 4, 1, 62, 65, 67, '???', 0.1]
[250, 0, 4, 1, 4, 1, 65, 68, 70, '???', 0.1]
[250, 0, 4, 1, 4, 1, 67, 70, 72, '???', 0.1]
[250, 0, 4, 1, 4, 1, 70, 73, 75, '???', 0.1]
[250, 0, 4, 1, 4, 1, 72, 75, 77, '???', 0.1]
[250, 0, 4, 1, 4, 1, 75, 78, 80, '???', 0.1]
[250, 0, 4, 1, 4, 1, 78, 81, 83, '???', 0.1]
[250, 0, 4, 1, 4, 1, 80, 83, 85, '???', 0.1]
[250, 0, 4, 1, 4, 1, 83, 86, 88, '???', 0.1]
[250, 0, 4, 1, 4, 1, 85, 88, 90, '???', 0.1]
[250, 0, 4, 1, 4, 1, 88, 91, 93, '???', 0.1]
[250, 0, 4, 1, 4, 1, 91, 94, 96, '???', 0.1]
[250, 0, 4, 1, 4, 1, 93, 96, 98, '???', 0.1]
[250, 0, 4, 1, 4, 1, 96, 99, 101, '???', 0.1]
[250, 0, 4, 1, 4, 1, 98, 101, 103, '???', 0.1]
[250, 0, 4, 1, 4, 1, 101, 104, 106, '???', 0.1]
[250, 0, 4, 1, 4, 1, 104, 107, 109, '???', 0.1]
[250, 0, 4, 1, 4, 1, 106, 109, 111, '???', 0.1]
[250, 0, 4, 1, 4, 1, 109, 112, 114, '???', 0.1]
[250, 0, 4, 1, 4, 1, 112, 115, 117, '???', 0.1]
[250, 0, 4, 1, 4, 1, 114, 117, 119, '???', 0.1]
[250, 0, 4, 1, 4, 1, 117, 120, 122, '???', 0.1]
[250, 0, 4, 1, 4, 1, 119, 122, 124, '???', 0.1]
[250, 0, 4, 1, 4, 1, 122, 125, 127, '???', 0.1]
[250, 0, 4, 1, 4, 1, 125, 128, 130, '???', 0.1]
[250, 0, 4, 1, 4, 1, 127, 130, 132, '???', 0.1]
[250, 0, 4, 1, 4, 1, 130, 133, 135, '???', 0.1]
[250, 0, 4, 1, 4, 1, 132, 135, 137, '???', 0.1]
[250, 0, 4, 1, 4, 1, 135, 138, 140, '???', 0.1]
[250, 0, 4, 1, 4, 1, 138, 141, 143, '???', 0.1]
[250, 0, 4, 1, 4, 1, 140, 143, 145, '???', 0.1]
[250, 0, 4, 1, 4, 1, 143, 146, 148, '???', 0.1]
[250, 0, 4, 1, 4, 1, 145, 148, 150, '???', 0.1]
[250, 0, 4, 1, 4, 1, 148, 151, 153, '???', 0.1]
[250, 0, 4, 1, 4, 1, 151, 154, 156, '???', 0.1]
[250, 0, 4, 1, 4, 1, 153, 156, 158, '???', 0.1]
[250, 0, 4, 1, 4, 1, 156, 159, 161, '???', 0.1]
[250, 0, 4, 1, 4, 1, 158, 161, 163, '???', 0.1]
[250, 0, 4, 1, 4, 1, 161, 164, 166, '???', 0.1]
[250, 0, 4, 1, 4, 1, 164, 167, 169, '???', 0.1]
[250, 0, 4, 1, 4, 1, 166, 169, 171, '???', 0.1]
[250, 0, 4, 1, 4, 1, 169, 172, 174, '???', 0.1]
[250, 0, 4, 1, 4, 1, 172, 175, 177, '???', 0.1]
[250, 0, 4, 1, 4, 1, 174, 177, 179, '???', 0.1]
[250, 0, 4, 1, 4, 1, 177, 180, 182, '???', 0.1]
[250, 0, 4, 1, 4, 1, 179, 182, 184, '???', 0.1]
[250, 0, 4, 1, 4, 1, 182, 185, 187, '???', 0.1]
[250, 0, 4, 1, 4, 1, 185, 188, 190, '???', 0.1]
[250, 0, 4, 1, 4, 1, 187, 190, 192, '???', 0.1]
[250, 0, 4, 1, 4, 1, 190, 193, 195, '???', 0.1]
[250, 0, 4, 1, 4, 1, 192, 195, 197, '???', 0.1]
[250, 0, 4, 1, 4, 1, 195, 198, 200, '???', 0.1]
[250, 0, 4, 1, 4, 1, 198, 201, 203, '???', 0.1]
[250, 0, 4, 1, 4, 1, 200, 203, 205, '???', 0.1]
[250, 0, 4, 1, 4, 1, 203, 206, 208, '???', 0.1]
[250, 0, 4, 1, 4, 1, 205, 208, 210, '???', 0.1]
[250, 0, 4, 1, 4, 1, 208, 211, 213, '???', 0.1]
[250, 0, 4, 1, 4, 1, 211, 214, 216, '???', 0.1]
[250, 0, 4, 1, 4, 1, 213, 216, 218, '???', 0.1]
[250, 0, 4, 1, 4, 1, 216, 219, 221, '???', 0.1]
[250, 0, 4, 1, 4, 1, 218, 221, 223, '???', 0.1]
[250, 0, 4, 1, 4, 1, 221, 224, 226, '???', 0.1]
[250, 0, 4, 1, 4, 1, 224, 227, 229, '???', 0.1]
[250, 0, 4, 1, 4, 1, 227, 230, 232, '???', 0.1]
[250, 0, 4, 1, 4, 1, 231, 234, 236, '???', 0.1]
[250, 0, 4, 1, 4, 1, 233, 236, 238, '???', 0.1]
[250, 0, 4, 1, 4, 1, 235, 238, 240, '???', 0.1]
[250, 0, 4, 1, 4, 1, 238, 241, 243, '???', 0.1]
[250, 0, 4, 1, 4, 1, 241, 244, 246, '???', 0.1]
[250, 0, 4, 1, 4, 1, 243, 246, 248, '???', 0.1]
[250, 0, 4, 1, 4, 1, 246, 249, 251, '???', 0.1]
[250, 0, 4, 1, 4, 1, 248, 251, 253, '???', 0.1]
[250, 0, 4, 1, 4, 1, 251, 254, 1, '???', 0.1]
[250, 0, 4, 1, 4, 1, 254, 2, 4, '???', 0.1]
[250, 0, 4, 1, 4, 1, 255, 3, 5, '???', 0.1]
[250, 0, 4, 1, 4, 1, 249, 252, 254, '???', 0.1]
[250, 0, 4, 1, 4, 1, 243, 246, 248, '???', 0.1]
[250, 0, 4, 1, 4, 1, 237, 240, 242, '???', 0.1]
[250, 0, 4, 1, 4, 1, 233, 236, 238, '???', 0.1]
[250, 0, 4, 1, 4, 1, 230, 233, 235, '???', 0.1]
[250, 0, 4, 1, 4, 1, 228, 231, 233, '???', 0.1]
[250, 0, 4, 1, 4, 1, 226, 229, 231, '???', 0.1]
[250, 0, 4, 1, 4, 1, 223, 226, 228, '???', 0.1]
[250, 0, 4, 1, 4, 1, 220, 223, 225, '???', 0.1]
[250, 0, 4, 1, 4, 1, 218, 221, 223, '???', 0.1]
[250, 0, 4, 1, 4, 1, 215, 218, 220, '???', 0.1]
[250, 0, 4, 1, 4, 1, 212, 215, 217, '???', 0.1]
[250, 0, 4, 1, 4, 1, 209, 212, 214, '???', 0.1]
[250, 0, 4, 1, 4, 1, 207, 210, 212, '???', 0.1]
[250, 0, 4, 1, 4, 1, 204, 207, 209, '???', 0.1]
[250, 0, 4, 1, 4, 1, 201, 204, 206, '???', 0.1]
[250, 0, 4, 1, 4, 1, 198, 201, 203, '???', 0.1]
[250, 0, 4, 1, 4, 1, 195, 198, 200, '???', 0.1]
[250, 0, 4, 1, 4, 1, 192, 195, 197, '???', 0.1]
[250, 0, 4, 1, 4, 1, 190, 193, 195, '???', 0.1]
[250, 0, 4, 1, 4, 1, 187, 190, 192, '???', 0.1]
[250, 0, 4, 1, 4, 1, 185, 188, 190, '???', 0.1]
[250, 0, 4, 1, 4, 1, 182, 185, 187, '???', 0.1]
[250, 0, 4, 1, 4, 1, 179, 182, 184, '???', 0.1]
[250, 0, 4, 1, 4, 1, 176, 179, 181, '???', 0.1]
[250, 0, 4, 1, 4, 1, 172, 175, 177, '???', 0.1]
[250, 0, 4, 1, 4, 1, 171, 174, 176, '???', 0.1]
[250, 0, 4, 1, 4, 1, 168, 171, 173, '???', 0.1]
[250, 0, 4, 1, 4, 1, 166, 169, 171, '???', 0.1]
[250, 0, 4, 1, 4, 1, 163, 166, 168, '???', 0.1]
[250, 0, 4, 1, 4, 1, 160, 163, 165, '???', 0.1]
[250, 0, 4, 1, 4, 1, 158, 161, 163, '???', 0.1]
[250, 0, 4, 1, 4, 1, 155, 158, 160, '???', 0.1]
[250, 0, 4, 1, 4, 1, 153, 156, 158, '???', 0.1]
[250, 0, 4, 1, 4, 1, 150, 153, 155, '???', 0.1]
[250, 0, 4, 1, 4, 1, 147, 150, 152, '???', 0.1]
[250, 0, 4, 1, 4, 1, 145, 148, 150, '???', 0.1]
[250, 0, 4, 1, 4, 1, 142, 145, 147, '???', 0.1]
[250, 0, 4, 1, 4, 1, 140, 143, 145, '???', 0.1]
[250, 0, 4, 1, 4, 1, 137, 140, 142, '???', 0.1]
[250, 0, 4, 1, 4, 1, 134, 137, 139, '???', 0.1]
[250, 0, 4, 1, 4, 1, 132, 135, 137, '???', 0.1]
[250, 0, 4, 1, 4, 1, 129, 132, 134, '???', 0.1]
[250, 0, 4, 1, 4, 1, 127, 130, 132, '???', 0.1]
[250, 0, 4, 1, 4, 1, 124, 127, 129, '???', 0.1]
[250, 0, 4, 1, 4, 1, 120, 123, 125, '???', 0.1]
[250, 0, 4, 1, 4, 1, 119, 122, 124, '???', 0.1]
[250, 0, 4, 1, 4, 1, 116, 119, 121, '???', 0.1]
[250, 0, 4, 1, 4, 1, 113, 116, 118, '???', 0.1]
[250, 0, 4, 1, 4, 1, 111, 114, 116, '???', 0.1]
[250, 0, 4, 1, 4, 1, 108, 111, 113, '???', 0.1]
[250, 0, 4, 1, 4, 1, 106, 109, 111, '???', 0.1]
[250, 0, 4, 1, 4, 1, 103, 106, 108, '???', 0.1]
[250, 0, 4, 1, 4, 1, 100, 103, 105, '???', 0.1]
[250, 0, 4, 1, 4, 1, 98, 101, 103, '???', 0.1]
[250, 0, 4, 1, 4, 1, 95, 98, 100, '???', 0.1]
[250, 0, 4, 1, 4, 1, 91, 94, 96, '???', 0.1]
[250, 0, 4, 1, 4, 1, 87, 90, 92, '???', 0.1]
[250, 0, 4, 1, 4, 1, 84, 87, 89, '???', 0.1]
[250, 0, 4, 1, 4, 1, 82, 85, 87, '???', 0.1]
[250, 0, 4, 1, 4, 1, 81, 84, 86, '???', 0.1]
[250, 0, 4, 1, 4, 1, 78, 81, 83, '???', 0.1]
[250, 0, 4, 1, 4, 1, 78, 81, 83, '???', 0.1]
