[250, 0, 2, 79, 127, 11, 203, 250, 0, 1, 71, 53, 67, 'neck rotation', 2]
[250, 0, 4, 1, 2, 1, 122, 119, 125, '???', 0.1]
[250, 0, 4, 1, 2, 1, 119, 116, 122, '???', 0.1]
[250, 0, 4, 1, 2, 1, 115, 112, 118, '???', 0.1]
[250, 0, 4, 1, 2, 1, 113, 110, 116, '???', 0.1]
[250, 0, 4, 1, 2, 1, 111, 108, 114, '???', 0.1]
[250, 0, 4, 1, 2, 1, 108, 105, 111, '???', 0.1]
[250, 0, 4, 1, 2, 1, 106, 103, 109, '???', 0.1]
[250, 0, 4, 1, 2, 1, 103, 100, 106, '???', 0.1]
[250, 0, 4, 1, 2, 1, 100, 97, 103, '???', 0.1]
[250, 0, 4, 1, 2, 1, 98, 95, 101, '???', 0.1]
[250, 0, 4, 1, 2, 1, 95, 92, 98, '???', 0.1]
[250, 0, 4, 1, 2, 1, 93, 90, 96, '???', 0.1]
[250, 0, 4, 1, 2, 1, 90, 87, 93, '???', 0.1]
[250, 0, 4, 1, 2, 1, 87, 84, 90, '???', 0.1]
[250, 0, 4, 1, 2, 1, 85, 82, 88, '???', 0.1]
[250, 0, 4, 1, 2, 1, 82, 79, 85, '???', 0.1]
[250, 0, 4, 1, 2, 1, 80, 77, 83, '???', 0.1]
[250, 0, 4, 1, 2, 1, 77, 74, 80, '???', 0.1]
[250, 0, 4, 1, 2, 1, 74, 71, 77, '???', 0.1]
[250, 0, 4, 1, 2, 1, 72, 69, 75, '???', 0.1]
[250, 0, 4, 1, 2, 1, 69, 66, 72, '???', 0.1]
[250, 0, 4, 1, 2, 1, 67, 64, 70, '???', 0.1]
[250, 0, 4, 1, 2, 1, 64, 61, 67, '???', 0.1]
[250, 0, 4, 1, 2, 1, 61, 58, 64, '???', 0.1]
[250, 0, 4, 1, 2, 1, 59, 56, 62, '???', 0.1]
[250, 0, 4, 1, 2, 1, 56, 53, 59, '???', 0.1]
[250, 0, 4, 1, 2, 1, 53, 50, 56, '???', 0.1]
[250, 0, 4, 1, 2, 1, 51, 48, 54, '???', 0.1]
[250, 0, 4, 1, 2, 1, 48, 45, 51, '???', 0.1]
[250, 0, 4, 1, 2, 1, 46, 43, 49, '???', 0.1]
[250, 0, 4, 1, 2, 1, 43, 40, 46, '???', 0.1]
[250, 0, 4, 1, 2, 1, 40, 37, 43, '???', 0.1]
[250, 0, 4, 1, 2, 1, 38, 35, 41, '???', 0.1]
[250, 0, 4, 1, 2, 1, 35, 32, 38, '???', 0.1]
[250, 0, 4, 1, 2, 1, 33, 30, 36, '???', 0.1]
[250, 0, 4, 1, 2, 1, 30, 27, 33, '???', 0.1]
[250, 0, 4, 1, 2, 1, 27, 24, 30, '???', 0.1]
[250, 0, 4, 1, 2, 1, 25, 22, 28, '???', 0.1]
[250, 0, 4, 1, 2, 1, 22, 19, 25, '???', 0.1]
[250, 0, 4, 1, 2, 1, 20, 17, 23, '???', 0.1]
[250, 0, 4, 1, 2, 1, 17, 14, 20, '???', 0.1]
[250, 0, 4, 1, 2, 1, 14, 11, 17, '???', 0.1]
[250, 0, 4, 1, 2, 1, 12, 9, 15, '???', 0.1]
[250, 0, 4, 1, 2, 1, 9, 6, 12, '???', 0.1]
[250, 0, 4, 1, 2, 1, 7, 4, 10, '???', 0.1]
[250, 0, 4, 1, 2, 1, 4, 1, 7, '???', 0.1]
[250, 0, 4, 1, 2, 1, 1, 253, 4, '???', 0.1]
[250, 0, 4, 1, 2, 1, 0, 252, 3, '???', 0.1]
[250, 0, 4, 1, 2, 1, 1, 253, 4, '???', 0.1]
[250, 0, 4, 1, 2, 1, 4, 1, 7, '???', 0.1]
[250, 0, 4, 1, 2, 1, 7, 4, 10, '???', 0.1]
[250, 0, 4, 1, 2, 1, 9, 6, 12, '???', 0.1]
[250, 0, 4, 1, 2, 1, 12, 9, 15, '???', 0.1]
[250, 0, 4, 1, 2, 1, 14, 11, 17, '???', 0.1]
[250, 0, 4, 1, 2, 1, 17, 14, 20, '???', 0.1]
[250, 0, 4, 1, 2, 1, 20, 17, 23, '???', 0.1]
[250, 0, 4, 1, 2, 1, 22, 19, 25, '???', 0.1]
[250, 0, 4, 1, 2, 1, 25, 22, 28, '???', 0.1]
[250, 0, 4, 1, 2, 1, 27, 24, 30, '???', 0.1]
[250, 0, 4, 1, 2, 1, 30, 27, 33, '???', 0.1]
[250, 0, 4, 1, 2, 1, 33, 30, 36, '???', 0.1]
[250, 0, 4, 1, 2, 1, 35, 32, 38, '???', 0.1]
[250, 0, 4, 1, 2, 1, 38, 35, 41, '???', 0.1]
[250, 0, 4, 1, 2, 1, 40, 37, 43, '???', 0.1]
[250, 0, 4, 1, 2, 1, 43, 40, 46, '???', 0.1]
[250, 0, 4, 1, 2, 1, 46, 43, 49, '???', 0.1]
[250, 0, 4, 1, 2, 1, 48, 45, 51, '???', 0.1]
[250, 0, 4, 1, 2, 1, 51, 48, 54, '???', 0.1]
[250, 0, 4, 1, 2, 1, 53, 50, 56, '???', 0.1]
[250, 0, 4, 1, 2, 1, 56, 53, 59, '???', 0.1]
[250, 0, 4, 1, 2, 1, 59, 56, 62, '???', 0.1]
[250, 0, 4, 1, 2, 1, 61, 58, 64, '???', 0.1]
[250, 0, 4, 1, 2, 1, 64, 61, 67, '???', 0.1]
[250, 0, 4, 1, 2, 1, 67, 64, 70, '???', 0.1]
[250, 0, 4, 1, 2, 1, 69, 66, 72, '???', 0.1]
[250, 0, 4, 1, 2, 1, 72, 69, 75, '???', 0.1]
[250, 0, 4, 1, 2, 1, 74, 71, 77, '???', 0.1]
[250, 0, 4, 1, 2, 1, 77, 74, 80, '???', 0.1]
[250, 0, 4, 1, 2, 1, 80, 77, 83, '???', 0.1]
[250, 0, 4, 1, 2, 1, 82, 79, 85, '???', 0.1]
[250, 0, 4, 1, 2, 1, 85, 82, 88, '???', 0.1]
[250, 0, 4, 1, 2, 1, 87, 84, 90, '???', 0.1]
[250, 0, 4, 1, 2, 1, 90, 87, 93, '???', 0.1]
[250, 0, 4, 1, 2, 1, 93, 90, 96, '???', 0.1]
[250, 0, 4, 1, 2, 1, 95, 92, 98, '???', 0.1]
[250, 0, 4, 1, 2, 1, 98, 95, 101, '???', 0.1]
[250, 0, 4, 1, 2, 1, 100, 97, 103, '???', 0.1]
[250, 0, 4, 1, 2, 1, 103, 100, 106, '???', 0.1]
[250, 0, 4, 1, 2, 1, 106, 103, 109, '???', 0.1]
[250, 0, 4, 1, 2, 1, 108, 105, 111, '???', 0.1]
[250, 0, 4, 1, 2, 1, 111, 108, 114, '???', 0.1]
[250, 0, 4, 1, 2, 1, 113, 110, 116, '???', 0.1]
[250, 0, 4, 1, 2, 1, 116, 113, 119, '???', 0.1]
[250, 0, 4, 1, 2, 1, 119, 116, 122, '???', 0.1]
[250, 0, 4, 1, 2, 1, 121, 118, 124, '???', 0.1]
[250, 0, 4, 1, 2, 1, 124, 121, 127, '???', 0.1]
[250, 0, 4, 1, 2, 1, 127, 124, 130, '???', 0.1]
[250, 0, 4, 1, 2, 1, 129, 126, 132, '???', 0.1]
[250, 0, 4, 1, 2, 1, 132, 129, 135, '???', 0.1]
[250, 0, 4, 1, 2, 1, 134, 131, 137, '???', 0.1]
[250, 0, 4, 1, 2, 1, 137, 134, 140, '???', 0.1]
[250, 0, 4, 1, 2, 1, 140, 137, 143, '???', 0.1]
[250, 0, 4, 1, 2, 1, 142, 139, 145, '???', 0.1]
[250, 0, 4, 1, 2, 1, 145, 142, 148, '???', 0.1]
[250, 0, 4, 1, 2, 1, 147, 144, 150, '???', 0.1]
[250, 0, 4, 1, 2, 1, 150, 147, 153, '???', 0.1]
[250, 0, 4, 1, 2, 1, 153, 150, 156, '???', 0.1]
[250, 0, 4, 1, 2, 1, 155, 152, 158, '???', 0.1]
[250, 0, 4, 1, 2, 1, 158, 155, 161, '???', 0.1]
[250, 0, 4, 1, 2, 1, 160, 157, 163, '???', 0.1]
[250, 0, 4, 1, 2, 1, 163, 160, 166, '???', 0.1]
[250, 0, 4, 1, 2, 1, 166, 163, 169, '???', 0.1]
[250, 0, 4, 1, 2, 1, 168, 165, 171, '???', 0.1]
[250, 0, 4, 1, 2, 1, 171, 168, 174, '???', 0.1]
[250, 0, 4, 1, 2, 1, 173, 170, 176, '???', 0.1]
[250, 0, 4, 1, 2, 1, 176, 173, 179, '???', 0.1]
[250, 0, 4, 1, 2, 1, 179, 176, 182, '???', 0.1]
[250, 0, 4, 1, 2, 1, 181, 178, 184, '???', 0.1]
[250, 0, 4, 1, 2, 1, 184, 181, 187, '???', 0.1]
[250, 0, 4, 1, 2, 1, 187, 184, 190, '???', 0.1]
[250, 0, 4, 1, 2, 1, 189, 186, 192, '???', 0.1]
[250, 0, 4, 1, 2, 1, 192, 189, 195, '???', 0.1]
[250, 0, 4, 1, 2, 1, 194, 191, 197, '???', 0.1]
[250, 0, 4, 1, 2, 1, 197, 194, 200, '???', 0.1]
[250, 0, 4, 1, 2, 1, 200, 197, 203, '???', 0.1]
[250, 0, 4, 1, 2, 1, 202, 199, 205, '???', 0.1]
[250, 0, 4, 1, 2, 1, 205, 202, 208, '???', 0.1]
[250, 0, 4, 1, 2, 1, 207, 204, 210, '???', 0.1]
[250, 0, 4, 1, 2, 1, 210, 207, 213, '???', 0.1]
[250, 0, 4, 1, 2, 1, 213, 210, 216, '???', 0.1]
[250, 0, 4, 1, 2, 1, 215, 212, 218, '???', 0.1]
[250, 0, 4, 1, 2, 1, 218, 215, 221, '???', 0.1]
[250, 0, 4, 1, 2, 1, 220, 217, 223, '???', 0.1]
[250, 0, 4, 1, 2, 1, 223, 220, 226, '???', 0.1]
[250, 0, 4, 1, 2, 1, 226, 223, 229, '???', 0.1]
[250, 0, 4, 1, 2, 1, 228, 225, 231, '???', 0.1]
[250, 0, 4, 1, 2, 1, 231, 228, 234, '???', 0.1]
[250, 0, 4, 1, 2, 1, 234, 231, 237, '???', 0.1]
[250, 0, 4, 1, 2, 1, 237, 234, 240, '???', 0.1]
[250, 0, 4, 1, 2, 1, 239, 236, 242, '???', 0.1]
[250, 0, 4, 1, 2, 1, 242, 239, 245, '???', 0.1]
[250, 0, 4, 1, 2, 1, 245, 242, 248, '???', 0.1]
[250, 0, 4, 1, 2, 1, 247, 244, 250, '???', 0.1]
[250, 0, 4, 1, 2, 1, 250, 247, 253, '???', 0.1]
[250, 0, 4, 1, 2, 1, 252, 249, 0, '???', 0.1]
[250, 0, 4, 1, 2, 1, 255, 252, 3, '???', 0.1]
[250, 0, 4, 1, 2, 1, 254, 251, 2, '???', 0.1]
[250, 0, 4, 1, 2, 1, 250, 247, 253, '???', 0.1]
[250, 0, 4, 1, 2, 1, 247, 244, 250, '???', 0.1]
[250, 0, 4, 1, 2, 1, 243, 240, 246, '???', 0.1]
[250, 0, 4, 1, 2, 1, 241, 238, 244, '???', 0.1]
[250, 0, 4, 1, 2, 1, 240, 237, 243, '???', 0.1]
[250, 0, 4, 1, 2, 1, 237, 234, 240, '???', 0.1]
[250, 0, 4, 1, 2, 1, 234, 231, 237, '???', 0.1]
[250, 0, 4, 1, 2, 1, 230, 227, 233, '???', 0.1]
[250, 0, 4, 1, 2, 1, 227, 224, 230, '???', 0.1]
[250, 0, 4, 1, 2, 1, 226, 223, 229, '???', 0.1]
[250, 0, 4, 1, 2, 1, 223, 220, 226, '???', 0.1]
[250, 0, 4, 1, 2, 1, 220, 217, 223, '???', 0.1]
[250, 0, 4, 1, 2, 1, 218, 215, 221, '???', 0.1]
[250, 0, 4, 1, 2, 1, 215, 212, 218, '???', 0.1]
[250, 0, 4, 1, 2, 1, 213, 210, 216, '???', 0.1]
[250, 0, 4, 1, 2, 1, 210, 207, 213, '???', 0.1]
[250, 0, 4, 1, 2, 1, 207, 204, 210, '???', 0.1]
[250, 0, 4, 1, 2, 1, 205, 202, 208, '???', 0.1]
[250, 0, 4, 1, 2, 1, 202, 199, 205, '???', 0.1]
[250, 0, 4, 1, 2, 1, 200, 197, 203, '???', 0.1]
[250, 0, 4, 1, 2, 1, 197, 194, 200, '???', 0.1]
[250, 0, 4, 1, 2, 1, 194, 191, 197, '???', 0.1]
[250, 0, 4, 1, 2, 1, 192, 189, 195, '???', 0.1]
[250, 0, 4, 1, 2, 1, 189, 186, 192, '???', 0.1]
[250, 0, 4, 1, 2, 1, 187, 184, 190, '???', 0.1]
[250, 0, 4, 1, 2, 1, 184, 181, 187, '???', 0.1]
[250, 0, 4, 1, 2, 1, 181, 178, 184, '???', 0.1]
[250, 0, 4, 1, 2, 1, 179, 176, 182, '???', 0.1]
[250, 0, 4, 1, 2, 1, 176, 173, 179, '???', 0.1]
[250, 0, 4, 1, 2, 1, 173, 170, 176, '???', 0.1]
[250, 0, 4, 1, 2, 1, 171, 168, 174, '???', 0.1]
[250, 0, 4, 1, 2, 1, 168, 165, 171, '???', 0.1]
[250, 0, 4, 1, 2, 1, 166, 163, 169, '???', 0.1]
[250, 0, 4, 1, 2, 1, 163, 160, 166, '???', 0.1]
[250, 0, 4, 1, 2, 1, 160, 157, 163, '???', 0.1]
[250, 0, 4, 1, 2, 1, 158, 155, 161, '???', 0.1]
[250, 0, 4, 1, 2, 1, 152, 149, 155, '???', 0.1]
[250, 0, 4, 1, 2, 1, 149, 146, 152, '???', 0.1]
[250, 0, 4, 1, 2, 1, 147, 144, 150, '???', 0.1]
[250, 0, 4, 1, 2, 1, 144, 141, 147, '???', 0.1]
[250, 0, 4, 1, 2, 1, 142, 139, 145, '???', 0.1]
[250, 0, 4, 1, 2, 1, 139, 136, 142, '???', 0.1]
[250, 0, 4, 1, 2, 1, 136, 133, 139, '???', 0.1]
[250, 0, 4, 1, 2, 1, 134, 131, 137, '???', 0.1]
[250, 0, 4, 1, 2, 1, 131, 128, 134, '???', 0.1]
[250, 0, 4, 1, 2, 1, 128, 125, 131, '???', 0.1]
[250, 0, 4, 1, 2, 1, 126, 123, 129, '???', 0.1]
[250, 0, 4, 1, 2, 1, 123, 120, 126, '???', 0.1]
[250, 0, 4, 1, 2, 1, 121, 118, 124, '???', 0.1]
[250, 0, 4, 1, 2, 1, 118, 115, 121, '???', 0.1]
[250, 0, 4, 1, 2, 1, 115, 112, 118, '???', 0.1]
[250, 0, 4, 1, 2, 1, 113, 110, 116, '???', 0.1]
[250, 0, 4, 1, 2, 1, 110, 107, 113, '???', 0.1]
[250, 0, 4, 1, 2, 1, 107, 104, 110, '???', 0.1]
[250, 0, 4, 1, 2, 1, 104, 101, 107, '???', 0.1]
[250, 0, 4, 1, 2, 1, 102, 99, 105, '???', 0.1]
[250, 0, 4, 1, 2, 1, 99, 96, 102, '???', 0.1]
[250, 0, 4, 1, 2, 1, 97, 94, 100, '???', 0.1]
[250, 0, 4, 1, 2, 1, 94, 91, 97, '???', 0.1]
[250, 0, 4, 1, 2, 1, 91, 88, 94, '???', 0.1]
[250, 0, 4, 1, 2, 1, 91, 88, 94, '???', 0.1]
