[250, 0, 2, 79, 127, 11, 203, 250, 0, 1, 71, 53, 67, 'neck tilt (side to side)', 2]
[250, 0, 4, 1, 1, 1, 115, 109, 117, '???', 0.1]
[250, 0, 4, 1, 1, 1, 113, 107, 115, '???', 0.1]
[250, 0, 4, 1, 1, 1, 108, 102, 110, '???', 0.1]
[250, 0, 4, 1, 1, 1, 106, 100, 108, '???', 0.1]
[250, 0, 4, 1, 1, 1, 104, 98, 106, '???', 0.1]
[250, 0, 4, 1, 1, 1, 102, 96, 104, '???', 0.1]
[250, 0, 4, 1, 1, 1, 99, 93, 101, '???', 0.1]
[250, 0, 4, 1, 1, 1, 97, 91, 99, '???', 0.1]
[250, 0, 4, 1, 1, 1, 94, 88, 96, '???', 0.1]
[250, 0, 4, 1, 1, 1, 91, 85, 93, '???', 0.1]
[250, 0, 4, 1, 1, 1, 89, 83, 91, '???', 0.1]
[250, 0, 4, 1, 1, 1, 86, 80, 88, '???', 0.1]
[250, 0, 4, 1, 1, 1, 83, 77, 85, '???', 0.1]
[250, 0, 4, 1, 1, 1, 81, 75, 83, '???', 0.1]
[250, 0, 4, 1, 1, 1, 78, 72, 80, '???', 0.1]
[250, 0, 4, 1, 1, 1, 76, 70, 78, '???', 0.1]
[250, 0, 4, 1, 1, 1, 73, 67, 75, '???', 0.1]
[250, 0, 4, 1, 1, 1, 70, 64, 72, '???', 0.1]
[250, 0, 4, 1, 1, 1, 68, 62, 70, '???', 0.1]
[250, 0, 4, 1, 1, 1, 65, 59, 67, '???', 0.1]
[250, 0, 4, 1, 1, 1, 63, 57, 65, '???', 0.1]
[250, 0, 4, 1, 1, 1, 60, 54, 62, '???', 0.1]
[250, 0, 4, 1, 1, 1, 57, 51, 59, '???', 0.1]
[250, 0, 4, 1, 1, 1, 55, 49, 57, '???', 0.1]
[250, 0, 4, 1, 1, 1, 52, 46, 54, '???', 0.1]
[250, 0, 4, 1, 1, 1, 50, 44, 52, '???', 0.1]
[250, 0, 4, 1, 1, 1, 47, 41, 49, '???', 0.1]
[250, 0, 4, 1, 1, 1, 44, 38, 46, '???', 0.1]
[250, 0, 4, 1, 1, 1, 42, 36, 44, '???', 0.1]
[250, 0, 4, 1, 1, 1, 39, 33, 41, '???', 0.1]
[250, 0, 4, 1, 1, 1, 37, 31, 39, '???', 0.1]
[250, 0, 4, 1, 1, 1, 34, 28, 36, '???', 0.1]
[250, 0, 4, 1, 1, 1, 31, 25, 33, '???', 0.1]
[250, 0, 4, 1, 1, 1, 29, 23, 31, '???', 0.1]
[250, 0, 4, 1, 1, 1, 26, 20, 28, '???', 0.1]
[250, 0, 4, 1, 1, 1, 23, 17, 25, '???', 0.1]
[250, 0, 4, 1, 1, 1, 21, 15, 23, '???', 0.1]
[250, 0, 4, 1, 1, 1, 18, 12, 20, '???', 0.1]
[250, 0, 4, 1, 1, 1, 16, 10, 18, '???', 0.1]
[250, 0, 4, 1, 1, 1, 13, 7, 15, '???', 0.1]
[250, 0, 4, 1, 1, 1, 10, 4, 12, '???', 0.1]
[250, 0, 4, 1, 1, 1, 8, 2, 10, '???', 0.1]
[250, 0, 4, 1, 1, 1, 5, 254, 7, '???', 0.1]
[250, 0, 4, 1, 1, 1, 3, 252, 5, '???', 0.1]
[250, 0, 4, 1, 1, 1, 0, 249, 2, '???', 0.1]
[250, 0, 4, 1, 1, 1, 3, 252, 5, '???', 0.1]
[250, 0, 4, 1, 1, 1, 5, 254, 7, '???', 0.1]
[250, 0, 4, 1, 1, 1, 8, 2, 10, '???', 0.1]
[250, 0, 4, 1, 1, 1, 10, 4, 12, '???', 0.1]
[250, 0, 4, 1, 1, 1, 13, 7, 15, '???', 0.1]
[250, 0, 4, 1, 1, 1, 16, 10, 18, '???', 0.1]
[250, 0, 4, 1, 1, 1, 18, 12, 20, '???', 0.1]
[250, 0, 4, 1, 1, 1, 21, 15, 23, '???', 0.1]
[250, 0, 4, 1, 1, 1, 23, 17, 25, '???', 0.1]
[250, 0, 4, 1, 1, 1, 26, 20, 28, '???', 0.1]
[250, 0, 4, 1, 1, 1, 29, 23, 31, '???', 0.1]
[250, 0, 4, 1, 1, 1, 31, 25, 33, '???', 0.1]
[250, 0, 4, 1, 1, 1, 34, 28, 36, '???', 0.1]
[250, 0, 4, 1, 1, 1, 37, 31, 39, '???', 0.1]
[250, 0, 4, 1, 1, 1, 39, 33, 41, '???', 0.1]
[250, 0, 4, 1, 1, 1, 42, 36, 44, '???', 0.1]
[250, 0, 4, 1, 1, 1, 44, 38, 46, '???', 0.1]
[250, 0, 4, 1, 1, 1, 47, 41, 49, '???', 0.1]
[250, 0, 4, 1, 1, 1, 50, 44, 52, '???', 0.1]
[250, 0, 4, 1, 1, 1, 52, 46, 54, '???', 0.1]
[250, 0, 4, 1, 1, 1, 55, 49, 57, '???', 0.1]
[250, 0, 4, 1, 1, 1, 57, 51, 59, '???', 0.1]
[250, 0, 4, 1, 1, 1, 60, 54, 62, '???', 0.1]
[250, 0, 4, 1, 1, 1, 63, 57, 65, '???', 0.1]
[250, 0, 4, 1, 1, 1, 65, 59, 67, '???', 0.1]
[250, 0, 4, 1, 1, 1, 68, 62, 70, '???', 0.1]
[250, 0, 4, 1, 1, 1, 70, 64, 72, '???', 0.1]
[250, 0, 4, 1, 1, 1, 73, 67, 75, '???', 0.1]
[250, 0, 4, 1, 1, 1, 76, 70, 78, '???', 0.1]
[250, 0, 4, 1, 1, 1, 78, 72, 80, '???', 0.1]
[250, 0, 4, 1, 1, 1, 81, 75, 83, '???', 0.1]
[250, 0, 4, 1, 1, 1, 83, 77, 85, '???', 0.1]
[250, 0, 4, 1, 1, 1, 86, 80, 88, '???', 0.1]
[250, 0, 4, 1, 1, 1, 89, 83, 91, '???', 0.1]
[250, 0, 4, 1, 1, 1, 91, 85, 93, '???', 0.1]
[250, 0, 4, 1, 1, 1, 94, 88, 96, '???', 0.1]
[250, 0, 4, 1, 1, 1, 97, 91, 99, '???', 0.1]
[250, 0, 4, 1, 1, 1, 99, 93, 101, '???', 0.1]
[250, 0, 4, 1, 1, 1, 102, 96, 104, '???', 0.1]
[250, 0, 4, 1, 1, 1, 104, 98, 106, '???', 0.1]
[250, 0, 4, 1, 1, 1, 107, 101, 109, '???', 0.1]
[250, 0, 4, 1, 1, 1, 110, 104, 112, '???', 0.1]
[250, 0, 4, 1, 1, 1, 112, 106, 114, '???', 0.1]
[250, 0, 4, 1, 1, 1, 115, 109, 117, '???', 0.1]
[250, 0, 4, 1, 1, 1, 117, 111, 119, '???', 0.1]
[250, 0, 4, 1, 1, 1, 120, 114, 122, '???', 0.1]
[250, 0, 4, 1, 1, 1, 123, 117, 125, '???', 0.1]
[250, 0, 4, 1, 1, 1, 125, 119, 127, '???', 0.1]
[250, 0, 4, 1, 1, 1, 128, 122, 130, '???', 0.1]
[250, 0, 4, 1, 1, 1, 130, 124, 132, '???', 0.1]
[250, 0, 4, 1, 1, 1, 133, 127, 135, '???', 0.1]
[250, 0, 4, 1, 1, 1, 136, 130, 138, '???', 0.1]
[250, 0, 4, 1, 1, 1, 138, 132, 140, '???', 0.1]
[250, 0, 4, 1, 1, 1, 141, 135, 143, '???', 0.1]
[250, 0, 4, 1, 1, 1, 143, 137, 145, '???', 0.1]
[250, 0, 4, 1, 1, 1, 146, 140, 148, '???', 0.1]
[250, 0, 4, 1, 1, 1, 149, 143, 151, '???', 0.1]
[250, 0, 4, 1, 1, 1, 151, 145, 153, '???', 0.1]
[250, 0, 4, 1, 1, 1, 154, 148, 156, '???', 0.1]
[250, 0, 4, 1, 1, 1, 157, 151, 159, '???', 0.1]
[250, 0, 4, 1, 1, 1, 159, 153, 161, '???', 0.1]
[250, 0, 4, 1, 1, 1, 162, 156, 164, '???', 0.1]
[250, 0, 4, 1, 1, 1, 164, 158, 166, '???', 0.1]
[250, 0, 4, 1, 1, 1, 167, 161, 169, '???', 0.1]
[250, 0, 4, 1, 1, 1, 170, 164, 172, '???', 0.1]
[250, 0, 4, 1, 1, 1, 172, 166, 174, '???', 0.1]
[250, 0, 4, 1, 1, 1, 175, 169, 177, '???', 0.1]
[250, 0, 4, 1, 1, 1, 177, 171, 179, '???', 0.1]
[250, 0, 4, 1, 1, 1, 180, 174, 182, '???', 0.1]
[250, 0, 4, 1, 1, 1, 183, 177, 185, '???', 0.1]
[250, 0, 4, 1, 1, 1, 185, 179, 187, '???', 0.1]
[250, 0, 4, 1, 1, 1, 188, 182, 190, '???', 0.1]
[250, 0, 4, 1, 1, 1, 190, 184, 192, '???', 0.1]
[250, 0, 4, 1, 1, 1, 193, 187, 195, '???', 0.1]
[250, 0, 4, 1, 1, 1, 196, 190, 198, '???', 0.1]
[250, 0, 4, 1, 1, 1, 198, 192, 200, '???', 0.1]
[250, 0, 4, 1, 1, 1, 201, 195, 203, '???', 0.1]
[250, 0, 4, 1, 1, 1, 203, 197, 205, '???', 0.1]
[250, 0, 4, 1, 1, 1, 206, 200, 208, '???', 0.1]
[250, 0, 4, 1, 1, 1, 209, 203, 211, '???', 0.1]
[250, 0, 4, 1, 1, 1, 211, 205, 213, '???', 0.1]
[250, 0, 4, 1, 1, 1, 214, 208, 216, '???', 0.1]
[250, 0, 4, 1, 1, 1, 217, 211, 219, '???', 0.1]
[250, 0, 4, 1, 1, 1, 219, 213, 221, '???', 0.1]
[250, 0, 4, 1, 1, 1, 222, 216, 224, '???', 0.1]
[250, 0, 4, 1, 1, 1, 224, 218, 226, '???', 0.1]
[250, 0, 4, 1, 1, 1, 227, 221, 229, '???', 0.1]
[250, 0, 4, 1, 1, 1, 230, 224, 232, '???', 0.1]
[250, 0, 4, 1, 1, 1, 233, 227, 235, '???', 0.1]
[250, 0, 4, 1, 1, 1, 235, 229, 237, '???', 0.1]
[250, 0, 4, 1, 1, 1, 238, 232, 240, '???', 0.1]
[250, 0, 4, 1, 1, 1, 241, 235, 243, '???', 0.1]
[250, 0, 4, 1, 1, 1, 243, 237, 245, '???', 0.1]
[250, 0, 4, 1, 1, 1, 246, 240, 248, '???', 0.1]
[250, 0, 4, 1, 1, 1, 248, 242, 250, '???', 0.1]
[250, 0, 4, 1, 1, 1, 251, 245, 253, '???', 0.1]
[250, 0, 4, 1, 1, 1, 254, 248, 1, '???', 0.1]
[250, 0, 4, 1, 1, 1, 255, 249, 2, '???', 0.1]
[250, 0, 4, 1, 1, 1, 254, 248, 1, '???', 0.1]
[250, 0, 4, 1, 1, 1, 251, 245, 253, '???', 0.1]
[250, 0, 4, 1, 1, 1, 248, 242, 250, '???', 0.1]
[250, 0, 4, 1, 1, 1, 243, 237, 245, '???', 0.1]
[250, 0, 4, 1, 1, 1, 241, 235, 243, '???', 0.1]
[250, 0, 4, 1, 1, 1, 240, 234, 242, '???', 0.1]
[250, 0, 4, 1, 1, 1, 237, 231, 239, '???', 0.1]
[250, 0, 4, 1, 1, 1, 235, 229, 237, '???', 0.1]
[250, 0, 4, 1, 1, 1, 232, 226, 234, '???', 0.1]
[250, 0, 4, 1, 1, 1, 230, 224, 232, '???', 0.1]
[250, 0, 4, 1, 1, 1, 227, 221, 229, '???', 0.1]
[250, 0, 4, 1, 1, 1, 224, 218, 226, '???', 0.1]
[250, 0, 4, 1, 1, 1, 222, 216, 224, '???', 0.1]
[250, 0, 4, 1, 1, 1, 219, 213, 221, '???', 0.1]
[250, 0, 4, 1, 1, 1, 217, 211, 219, '???', 0.1]
[250, 0, 4, 1, 1, 1, 214, 208, 216, '???', 0.1]
[250, 0, 4, 1, 1, 1, 211, 205, 213, '???', 0.1]
[250, 0, 4, 1, 1, 1, 209, 203, 211, '???', 0.1]
[250, 0, 4, 1, 1, 1, 206, 200, 208, '???', 0.1]
[250, 0, 4, 1, 1, 1, 203, 197, 205, '???', 0.1]
[250, 0, 4, 1, 1, 1, 201, 195, 203, '???', 0.1]
[250, 0, 4, 1, 1, 1, 198, 192, 200, '???', 0.1]
[250, 0, 4, 1, 1, 1, 196, 190, 198, '???', 0.1]
[250, 0, 4, 1, 1, 1, 193, 187, 195, '???', 0.1]
[250, 0, 4, 1, 1, 1, 190, 184, 192, '???', 0.1]
[250, 0, 4, 1, 1, 1, 188, 182, 190, '???', 0.1]
[250, 0, 4, 1, 1, 1, 185, 179, 187, '???', 0.1]
[250, 0, 4, 1, 1, 1, 183, 177, 185, '???', 0.1]
[250, 0, 4, 1, 1, 1, 180, 174, 182, '???', 0.1]
[250, 0, 4, 1, 1, 1, 177, 171, 179, '???', 0.1]
[250, 0, 4, 1, 1, 1, 175, 169, 177, '???', 0.1]
[250, 0, 4, 1, 1, 1, 172, 166, 174, '???', 0.1]
[250, 0, 4, 1, 1, 1, 170, 164, 172, '???', 0.1]
[250, 0, 4, 1, 1, 1, 167, 161, 169, '???', 0.1]
[250, 0, 4, 1, 1, 1, 164, 158, 166, '???', 0.1]
[250, 0, 4, 1, 1, 1, 162, 156, 164, '???', 0.1]
[250, 0, 4, 1, 1, 1, 159, 153, 161, '???', 0.1]
[250, 0, 4, 1, 1, 1, 157, 151, 159, '???', 0.1]
[250, 0, 4, 1, 1, 1, 154, 148, 156, '???', 0.1]
[250, 0, 4, 1, 1, 1, 151, 145, 153, '???', 0.1]
[250, 0, 4, 1, 1, 1, 149, 143, 151, '???', 0.1]
[250, 0, 4, 1, 1, 1, 146, 140, 148, '???', 0.1]
[250, 0, 4, 1, 1, 1, 143, 137, 145, '???', 0.1]
[250, 0, 4, 1, 1, 1, 141, 135, 143, '???', 0.1]
[250, 0, 4, 1, 1, 1, 138, 132, 140, '???', 0.1]
[250, 0, 4, 1, 1, 1, 136, 130, 138, '???', 0.1]
[250, 0, 4, 1, 1, 1, 133, 127, 135, '???', 0.1]
[250, 0, 4, 1, 1, 1, 130, 124, 132, '???', 0.1]
[250, 0, 4, 1, 1, 1, 128, 122, 130, '???', 0.1]
[250, 0, 4, 1, 1, 1, 125, 119, 127, '???', 0.1]
[250, 0, 4, 1, 1, 1, 123, 117, 125, '???', 0.1]
[250, 0, 4, 1, 1, 1, 120, 114, 122, '???', 0.1]
[250, 0, 4, 1, 1, 1, 117, 111, 119, '???', 0.1]
[250, 0, 4, 1, 1, 1, 115, 109, 117, '???', 0.1]
[250, 0, 4, 1, 1, 1, 112, 106, 114, '???', 0.1]
[250, 0, 4, 1, 1, 1, 110, 104, 112, '???', 0.1]
[250, 0, 4, 1, 1, 1, 107, 101, 109, '???', 0.1]
[250, 0, 4, 1, 1, 1, 104, 98, 106, '???', 0.1]
[250, 0, 4, 1, 1, 1, 102, 96, 104, '???', 0.1]
[250, 0, 4, 1, 1, 1, 99, 93, 101, '???', 0.1]
[250, 0, 4, 1, 1, 1, 97, 91, 99, '???', 0.1]
[250, 0, 4, 1, 1, 1, 94, 88, 96, '???', 0.1]
[250, 0, 4, 1, 1, 1, 94, 88, 96, '???', 0.1]
